c,h,l,n,o,t,v,vw
8.1,8.3899,7.2,559,7.25,2021-02-18T05:00:00Z,70029,7.802614
8.6,9.45,8.31,699,9.31,2021-02-19T05:00:00Z,100753,8.787928
7.83,8.9,7.6934,715,8.79,2021-02-22T05:00:00Z,117722,8.057656
6.87,7.8,6.5001,906,7.75,2021-02-23T05:00:00Z,147401,7.00065
6.92,7.28,6.7,599,6.7,2021-02-24T05:00:00Z,87568,7.007192
6.83,7.0,6.6,484,7.0,2021-02-25T05:00:00Z,71778,6.734242
6.45,7.01,6.26,625,6.99,2021-02-26T05:00:00Z,113204,6.427056
6.4,6.6,6.15,454,6.45,2021-03-01T05:00:00Z,67676,6.357499
6.85,6.889,6.27,396,6.28,2021-03-02T05:00:00Z,62840,6.578783
6.52,6.6415,6.22,420,6.6,2021-03-03T05:00:00Z,62896,6.42395
6.16,6.5,5.75,717,6.41,2021-03-04T05:00:00Z,142618,6.128812
6.0,6.16,5.52,611,6.16,2021-03-05T05:00:00Z,115729,5.796135
6.1,6.16,5.85,283,6.0,2021-03-08T05:00:00Z,48194,6.066464
6.41,6.6,6.12,305,6.12,2021-03-09T05:00:00Z,50179,6.407933
6.69,6.69,6.36,393,6.5649,2021-03-10T05:00:00Z,85671,6.499731
6.5,6.7,6.29,319,6.7,2021-03-11T05:00:00Z,43855,6.535329
7.81,9.21,6.4,11003,6.4456,2021-03-12T05:00:00Z,1755082,8.132874
7.9,8.06,7.5,1652,8.06,2021-03-15T04:00:00Z,200645,7.81522
7.27,7.94,7.233,1001,7.94,2021-03-16T04:00:00Z,159478,7.426095
7.65,7.6542,7.15,432,7.2,2021-03-17T04:00:00Z,61920,7.345246
7.32,7.63,7.24,377,7.63,2021-03-18T04:00:00Z,58542,7.370763
7.24,7.3051,7.11,449,7.3,2021-03-19T04:00:00Z,57360,7.188983
7.14,7.3199,7.069,540,7.1,2021-03-22T04:00:00Z,85693,7.158468
6.83,7.16,6.8001,417,7.14,2021-03-23T04:00:00Z,63277,6.9638
6.55,6.84,6.51,382,6.84,2021-03-24T04:00:00Z,41600,6.647412
6.4785,6.5699,6.4,337,6.5,2021-03-25T04:00:00Z,48697,6.485885
6.75,6.7899,6.46,426,6.5,2021-03-26T04:00:00Z,91137,6.66105
6.62,6.8,6.34,495,6.8,2021-03-29T04:00:00Z,126910,6.494155
6.17,6.62,6.13,625,6.62,2021-03-30T04:00:00Z,118804,6.220944
6.07,6.15,6.05,497,6.12,2021-03-31T04:00:00Z,87952,6.124827
6.5,6.57,6.03,565,6.03,2021-04-01T04:00:00Z,96115,6.285914
6.46,6.7199,6.3601,474,6.56,2021-04-05T04:00:00Z,84133,6.517333
6.59,6.65,6.36,249,6.45,2021-04-06T04:00:00Z,29311,6.529965
6.48,6.62,6.43,293,6.59,2021-04-07T04:00:00Z,39102,6.524973
6.92,6.9945,6.45,530,6.45,2021-04-08T04:00:00Z,74659,6.663397
6.95,6.96,6.5501,376,6.7811,2021-04-09T04:00:00Z,54048,6.734214
7.05,7.05,6.68,487,6.95,2021-04-12T04:00:00Z,59659,6.924329
6.9,7.11,6.8228,558,7.11,2021-04-13T04:00:00Z,51574,6.920986
6.96,6.97,6.65,402,6.89,2021-04-14T04:00:00Z,66126,6.788762
6.96,7.13,6.7268,591,6.84,2021-04-15T04:00:00Z,65374,7.003789
6.96,7.04,6.7901,451,7.0,2021-04-16T04:00:00Z,40039,6.916068
7.12,7.15,6.8234,629,6.99,2021-04-19T04:00:00Z,60299,7.000029
7.0,7.12,6.95,454,7.12,2021-04-20T04:00:00Z,41004,7.01039
7.21,7.22,6.92,508,7.01,2021-04-21T04:00:00Z,68821,7.066216
7.22,7.25,7.1,424,7.25,2021-04-22T04:00:00Z,54810,7.186973
7.36,7.41,7.15,385,7.25,2021-04-23T04:00:00Z,56889,7.262354
7.5,7.54,7.35,353,7.4,2021-04-26T04:00:00Z,37791,7.408616
7.4,7.64,7.35,451,7.5,2021-04-27T04:00:00Z,45253,7.473313
7.45,7.5,7.3,342,7.35,2021-04-28T04:00:00Z,31831,7.404623
7.48,7.49,7.3,387,7.37,2021-04-29T04:00:00Z,40255,7.402095
7.69,7.73,7.38,449,7.48,2021-04-30T04:00:00Z,62411,7.581513
7.72,7.8,7.64,462,7.75,2021-05-03T04:00:00Z,68838,7.729374
7.62,7.73,7.41,378,7.73,2021-05-04T04:00:00Z,36656,7.589927
7.75,7.75,7.6104,487,7.69,2021-05-05T04:00:00Z,58352,7.686099
7.82,8.0,7.64,695,7.75,2021-05-06T04:00:00Z,93524,7.828856
8.75,8.81,7.9118,1547,7.93,2021-05-07T04:00:00Z,185320,8.470501
8.59,8.87,8.48,702,8.87,2021-05-10T04:00:00Z,74823,8.607114
8.24,8.6585,8.1636,880,8.55,2021-05-11T04:00:00Z,107989,8.44703
7.84,8.24,7.51,1152,8.1,2021-05-12T04:00:00Z,134996,7.791471
7.8,8.13,7.7,834,7.96,2021-05-13T04:00:00Z,81097,7.873943
7.84,7.945,7.67,567,7.92,2021-05-14T04:00:00Z,43680,7.779227
8.21,8.36,7.58,946,7.81,2021-05-17T04:00:00Z,76082,8.025402
8.56,8.61,8.2571,660,8.36,2021-05-18T04:00:00Z,75984,8.448727
8.45,8.69,8.25,533,8.41,2021-05-19T04:00:00Z,44242,8.493898
8.69,8.89,8.41,628,8.41,2021-05-20T04:00:00Z,60367,8.706456
8.36,8.79,8.31,962,8.75,2021-05-21T04:00:00Z,90023,8.511627
8.49,8.68,8.21,420,8.36,2021-05-24T04:00:00Z,56170,8.467617
8.08,8.48,8.075,478,8.47,2021-05-25T04:00:00Z,42554,8.213943
7.91,8.14,7.88,559,8.1,2021-05-26T04:00:00Z,82206,7.989999
7.67,7.92,7.59,701,7.92,2021-05-27T04:00:00Z,94594,7.74746
7.72,7.81,7.5712,629,7.69,2021-05-28T04:00:00Z,69771,7.706333
7.99,8.0,7.72,535,7.77,2021-06-01T04:00:00Z,53394,7.824712
7.92,8.07,7.84,700,8.0,2021-06-02T04:00:00Z,53410,7.960138
7.43,7.83,7.1836,1292,7.75,2021-06-03T04:00:00Z,151995,7.410873
7.51,7.9,7.35,957,7.35,2021-06-04T04:00:00Z,102568,7.558562
8.19,8.44,7.52,3243,7.59,2021-06-07T04:00:00Z,332193,8.054089
8.23,8.36,8.18,1462,8.2,2021-06-08T04:00:00Z,118610,8.280139
8.24,8.37,8.18,1538,8.24,2021-06-09T04:00:00Z,84497,8.295467
8.34,8.35,8.15,1172,8.24,2021-06-10T04:00:00Z,88356,8.312166
8.61,8.69,8.31,1541,8.35,2021-06-11T04:00:00Z,118409,8.505605
8.75,8.85,8.38,1478,8.38,2021-06-14T04:00:00Z,138106,8.706836
9.17,9.2,8.55,2210,8.78,2021-06-15T04:00:00Z,150742,8.976219
9.33,9.42,9.0,1512,9.17,2021-06-16T04:00:00Z,152808,9.271372
8.77,9.23,8.69,1727,9.09,2021-06-17T04:00:00Z,174146,8.860342
8.9,9.13,8.68,1635,8.71,2021-06-18T04:00:00Z,185997,8.88512
8.6,9.01,8.54,2197,9.0,2021-06-21T04:00:00Z,158204,8.73887
8.63,9.04,8.54,2653,8.97,2021-06-22T04:00:00Z,229258,8.770056
8.52,8.9,8.44,2499,8.66,2021-06-23T04:00:00Z,185516,8.598157
8.73,9.09,8.51,3830,8.51,2021-06-24T04:00:00Z,273663,8.838258
8.57,8.99,8.38,3751,8.89,2021-06-25T04:00:00Z,5049317,8.570951
7.6,8.61,7.5,2275,8.5,2021-06-28T04:00:00Z,195773,7.880977
7.58,7.9,7.51,1669,7.75,2021-06-29T04:00:00Z,162183,7.648634
7.3,7.54,7.11,2196,7.54,2021-06-30T04:00:00Z,179459,7.28829
7.67,7.7,7.34,1352,7.42,2021-07-01T04:00:00Z,122211,7.622974
7.45,7.83,7.38,1942,7.83,2021-07-02T04:00:00Z,189852,7.561339
6.73,7.43,6.62,2373,7.41,2021-07-06T04:00:00Z,264595,6.923174
6.4,6.73,6.38,1750,6.66,2021-07-07T04:00:00Z,186204,6.479774
6.38,6.46,6.06,1840,6.38,2021-07-08T04:00:00Z,212825,6.238835
6.65,6.82,6.39,737,6.39,2021-07-09T04:00:00Z,83756,6.637599
6.5,6.7,6.32,1248,6.63,2021-07-12T04:00:00Z,138796,6.476427
6.87,6.97,6.46,1043,6.46,2021-07-13T04:00:00Z,119018,6.787179
6.96,7.107,6.73,566,6.98,2021-07-14T04:00:00Z,64157,6.928429
6.69,6.945,6.59,548,6.91,2021-07-15T04:00:00Z,58158,6.731503
6.56,6.86,6.4033,872,6.7,2021-07-16T04:00:00Z,90161,6.609533
6.38,6.58,6.21,787,6.5,2021-07-19T04:00:00Z,79985,6.402732
6.38,6.55,6.29,1002,6.36,2021-07-20T04:00:00Z,121361,6.375804
6.42,6.57,6.31,684,6.36,2021-07-21T04:00:00Z,60071,6.421418
6.12,6.33,6.11,882,6.33,2021-07-22T04:00:00Z,106859,6.217447
5.8,6.14,5.66,1465,6.12,2021-07-23T04:00:00Z,166316,5.829968
5.66,5.955,5.6,856,5.82,2021-07-26T04:00:00Z,111443,5.733395
5.57,5.7,5.39,1103,5.7,2021-07-27T04:00:00Z,113835,5.529707
5.58,5.7299,5.46,721,5.59,2021-07-28T04:00:00Z,105694,5.571122
5.68,5.74,5.62,872,5.64,2021-07-29T04:00:00Z,91802,5.677442
5.69,5.869,5.54,764,5.7,2021-07-30T04:00:00Z,77249,5.65455
5.93,5.99,5.69,501,5.69,2021-08-02T04:00:00Z,61718,5.908264
5.48,5.94,5.37,762,5.77,2021-08-03T04:00:00Z,79831,5.565236
5.45,5.8101,5.37,704,5.55,2021-08-04T04:00:00Z,65677,5.504493
5.42,5.5829,5.29,662,5.47,2021-08-05T04:00:00Z,58971,5.469789
5.43,5.45,5.13,647,5.36,2021-08-06T04:00:00Z,65872,5.334871
5.25,5.51,5.16,507,5.5,2021-08-09T04:00:00Z,74643,5.287586
5.49,5.92,5.43,1806,5.9,2021-08-10T04:00:00Z,206668,5.610154
5.66,5.7149,5.42,1038,5.62,2021-08-11T04:00:00Z,100353,5.600185
5.72,5.72,5.46,826,5.69,2021-08-12T04:00:00Z,108627,5.639878
5.26,5.4025,5.25,8491,5.34,2021-08-13T04:00:00Z,2129141,5.28409
5.26,5.3,5.24,1667,5.25,2021-08-16T04:00:00Z,546055,5.257616
5.34,5.37,5.23,1757,5.26,2021-08-17T04:00:00Z,295156,5.278121
5.28,5.44,5.23,2133,5.3,2021-08-18T04:00:00Z,320883,5.282209
5.26,5.3,5.18,2256,5.22,2021-08-19T04:00:00Z,312889,5.216316
5.26,5.32,5.23,1839,5.25,2021-08-20T04:00:00Z,235524,5.262018
5.27,5.38,5.249,1908,5.3,2021-08-23T04:00:00Z,323648,5.302001
5.37,5.46,5.24,1559,5.32,2021-08-24T04:00:00Z,216463,5.346796
5.38,5.9,5.35,2466,5.72,2021-08-25T04:00:00Z,394149,5.490946
5.22,5.44,5.2001,2978,5.39,2021-08-26T04:00:00Z,730831,5.283816
5.2,5.31,5.15,2745,5.24,2021-08-27T04:00:00Z,382741,5.231202
4.96,5.2547,4.72,5039,5.25,2021-08-30T04:00:00Z,898015,4.895713
5.07,5.13,4.81,3305,4.97,2021-08-31T04:00:00Z,458596,4.99708
5.21,5.37,5.06,2677,5.09,2021-09-01T04:00:00Z,381016,5.211845
5.16,5.33,5.1,1964,5.24,2021-09-02T04:00:00Z,187701,5.182236
5.14,5.29,5.05,2833,5.2,2021-09-03T04:00:00Z,451012,5.139022
5.12,5.21,4.8,2373,4.87,2021-09-07T04:00:00Z,327434,5.037409
5.05,5.1903,5.03,1071,5.12,2021-09-08T04:00:00Z,140588,5.082678
5.11,5.15,4.99,1083,5.02,2021-09-09T04:00:00Z,151611,5.089586
5.03,5.1679,5.02,1430,5.14,2021-09-10T04:00:00Z,109694,5.075369
4.97,5.26,4.93,2035,5.05,2021-09-13T04:00:00Z,235252,5.102549
4.82,5.11,4.81,1600,4.95,2021-09-14T04:00:00Z,174753,4.917153
4.97,5.0,4.82,926,4.83,2021-09-15T04:00:00Z,114926,4.909731
4.9,4.98,4.7,1329,4.82,2021-09-16T04:00:00Z,143886,4.825226
4.82,4.98,4.79,2157,4.81,2021-09-17T04:00:00Z,312032,4.850815
4.73,4.89,4.71,2138,4.75,2021-09-20T04:00:00Z,226147,4.762573
4.93,4.999,4.71,1447,4.73,2021-09-21T04:00:00Z,170097,4.850998
5.02,5.2,4.856,1354,4.93,2021-09-22T04:00:00Z,142836,5.070493
5.17,5.17,4.92,775,5.0,2021-09-23T04:00:00Z,70038,5.074129
5.04,5.28,5.01,679,5.12,2021-09-24T04:00:00Z,84612,5.137367
5.09,5.24,5.008,517,5.11,2021-09-27T04:00:00Z,83949,5.125327
4.94,5.11,4.9,603,5.06,2021-09-28T04:00:00Z,86261,4.97765
4.85,4.9801,4.7624,637,4.92,2021-09-29T04:00:00Z,98981,4.839084
4.98,5.11,4.77,769,4.83,2021-09-30T04:00:00Z,142008,4.989382
5.15,5.19,4.96,712,5.02,2021-10-01T04:00:00Z,111813,5.081754
5.06,5.2,5.025,650,5.09,2021-10-04T04:00:00Z,81663,5.1033
4.93,5.11,4.9,725,5.11,2021-10-05T04:00:00Z,112286,4.983627
4.8,4.95,4.75,800,4.88,2021-10-06T04:00:00Z,85209,4.810981
4.79,4.85,4.73,807,4.85,2021-10-07T04:00:00Z,85316,4.794612
4.7,4.9,4.68,881,4.82,2021-10-08T04:00:00Z,93340,4.755344
4.71,4.8,4.7,392,4.71,2021-10-11T04:00:00Z,58382,4.752307
4.93,4.98,4.58,621,4.7,2021-10-12T04:00:00Z,96602,4.846297
5.08,5.2207,4.95,978,5.12,2021-10-13T04:00:00Z,152742,5.106823
5.1,5.2,5.05,444,5.13,2021-10-14T04:00:00Z,71571,5.104077
4.99,5.15,4.94,788,5.13,2021-10-15T04:00:00Z,115234,5.023238
4.78,4.94,4.76,760,4.86,2021-10-18T04:00:00Z,98704,4.843668
4.83,5.115,4.67,688,4.96,2021-10-19T04:00:00Z,82473,4.809665
4.92,4.94,4.7238,776,4.83,2021-10-20T04:00:00Z,85279,4.877961
4.83,4.93,4.78,498,4.92,2021-10-21T04:00:00Z,58675,4.849402
4.8,4.96,4.76,630,4.83,2021-10-22T04:00:00Z,74323,4.83184
4.92,5.0,4.8,494,4.8,2021-10-25T04:00:00Z,75786,4.91248
4.83,4.94,4.7632,593,4.94,2021-10-26T04:00:00Z,78004,4.840341
4.83,4.9099,4.7932,509,4.83,2021-10-27T04:00:00Z,52420,4.845414
4.89,4.89,4.78,525,4.86,2021-10-28T04:00:00Z,48638,4.860235
4.76,4.86,4.61,1280,4.86,2021-10-29T04:00:00Z,124570,4.718773
4.67,4.87,4.65,1213,4.8,2021-11-01T04:00:00Z,127352,4.748723
4.48,4.66,4.43,1462,4.66,2021-11-02T04:00:00Z,159511,4.51884
4.61,4.64,4.38,1119,4.44,2021-11-03T04:00:00Z,150867,4.527205
4.54,4.77,4.49,688,4.67,2021-11-04T04:00:00Z,73370,4.573802
4.75,4.75,4.46,1092,4.54,2021-11-05T04:00:00Z,147552,4.652485
4.77,4.79,4.68,969,4.75,2021-11-08T05:00:00Z,85482,4.751688
4.87,4.89,4.6117,833,4.77,2021-11-09T05:00:00Z,99288,4.783211
4.94,5.16,4.85,1256,4.9,2021-11-10T05:00:00Z,221826,5.011166
5.17,5.17,4.79,1114,4.79,2021-11-11T05:00:00Z,120134,5.082197
5.39,5.44,5.05,1292,5.19,2021-11-12T05:00:00Z,201404,5.253812
5.66,5.66,5.35,1519,5.4,2021-11-15T05:00:00Z,160310,5.494788
5.66,5.83,5.4344,1185,5.66,2021-11-16T05:00:00Z,155528,5.600153
5.79,5.84,5.57,1179,5.68,2021-11-17T05:00:00Z,139040,5.733987
5.77,5.938,5.65,1547,5.86,2021-11-18T05:00:00Z,207084,5.784661
5.54,5.86,5.4901,747,5.77,2021-11-19T05:00:00Z,75703,5.630561
5.36,5.6,5.26,1582,5.6,2021-11-22T05:00:00Z,194045,5.393282
5.09,5.3389,5.0,1240,5.31,2021-11-23T05:00:00Z,132252,5.099938
5.32,5.33,5.0,669,5.175,2021-11-24T05:00:00Z,49015,5.238408
4.87,5.2,4.81,1146,5.2,2021-11-26T05:00:00Z,165159,4.925749
5.21,5.31,4.85,1407,5.07,2021-11-29T05:00:00Z,143089,5.152668
5.05,5.35,4.93,1013,5.22,2021-11-30T05:00:00Z,118251,5.045802
4.89,5.31,4.88,763,5.31,2021-12-01T05:00:00Z,82773,5.021503
4.96,5.1,4.85,1004,5.1,2021-12-02T05:00:00Z,72863,4.95301
4.75,5.05,4.7,1045,4.97,2021-12-03T05:00:00Z,95438,4.774122
4.74,4.922,4.67,1136,4.7,2021-12-06T05:00:00Z,125555,4.775851
4.98,5.1,4.59,1312,4.59,2021-12-07T05:00:00Z,184383,5.001127
4.74,5.09,4.73,1524,4.925,2021-12-08T05:00:00Z,121008,4.882782
4.8,4.86,4.66,742,4.86,2021-12-09T05:00:00Z,62389,4.752263
4.69,5.04,4.66,780,5.04,2021-12-10T05:00:00Z,91483,4.711437
4.66,4.73,4.53,1025,4.65,2021-12-13T05:00:00Z,75162,4.632839
4.31,4.62,4.27,1470,4.59,2021-12-14T05:00:00Z,149754,4.390187
4.25,4.355,4.075,1135,4.3,2021-12-15T05:00:00Z,177222,4.196497
4.42,4.59,4.32,1897,4.32,2021-12-16T05:00:00Z,211749,4.503376
4.11,4.46,4.07,1886,4.44,2021-12-17T05:00:00Z,690834,4.156319
4.18,4.2,3.96,1157,4.11,2021-12-20T05:00:00Z,128700,4.109441
4.29,4.32,4.09,878,4.18,2021-12-21T05:00:00Z,99416,4.234646
4.42,4.42,4.2,934,4.25,2021-12-22T05:00:00Z,121379,4.327517
4.55,4.57,4.34,836,4.46,2021-12-23T05:00:00Z,133221,4.495205
4.38,4.57,4.32,745,4.52,2021-12-27T05:00:00Z,128463,4.471809
4.43,4.43,4.27,586,4.37,2021-12-28T05:00:00Z,79581,4.363115
4.23,4.53,4.19,1130,4.53,2021-12-29T05:00:00Z,164345,4.298473
4.45,4.59,4.32,1296,4.36,2021-12-30T05:00:00Z,205065,4.463408
4.75,4.76,4.26,1094,4.26,2021-12-31T05:00:00Z,171195,4.506109
4.77,4.8,4.61,582,4.64,2022-01-03T05:00:00Z,89852,4.707757
4.88,4.9,4.7,618,4.86,2022-01-04T05:00:00Z,102268,4.79703
4.55,4.89,4.5,567,4.85,2022-01-05T05:00:00Z,93424,4.717343
4.48,4.57,4.375,546,4.4,2022-01-06T05:00:00Z,83870,4.470287
4.54,4.59,4.3597,508,4.56,2022-01-07T05:00:00Z,59907,4.514271
4.29,4.451,4.14,787,4.44,2022-01-10T05:00:00Z,105919,4.268252
4.35,4.37,4.125,749,4.24,2022-01-11T05:00:00Z,81534,4.277494
4.3,4.48,4.2684,482,4.43,2022-01-12T05:00:00Z,83651,4.365507
4.22,4.35,4.195,444,4.35,2022-01-13T05:00:00Z,59709,4.251119
4.17,4.27,4.0,724,4.27,2022-01-14T05:00:00Z,136271,4.143418
4.1,4.2,4.095,1053,4.1,2022-01-18T05:00:00Z,106482,4.112872
4.32,4.3801,4.1,708,4.1,2022-01-19T05:00:00Z,98095,4.269568
4.09,4.42,4.09,945,4.32,2022-01-20T05:00:00Z,103872,4.174114
3.85,4.12,3.84,1029,4.1,2022-01-21T05:00:00Z,171470,3.951278
3.88,3.89,3.56,1140,3.87,2022-01-24T05:00:00Z,196398,3.727703
3.91,3.95,3.66,831,3.73,2022-01-25T05:00:00Z,117383,3.848172
3.67,3.95,3.61,932,3.95,2022-01-26T05:00:00Z,124848,3.780859
3.45,3.72,3.44,835,3.72,2022-01-27T05:00:00Z,130502,3.523142
3.44,3.47,3.25,957,3.39,2022-01-28T05:00:00Z,121240,3.36734
3.68,3.7,3.43,709,3.475,2022-01-31T05:00:00Z,102205,3.632718
3.6,3.76,3.565,417,3.76,2022-02-01T05:00:00Z,57513,3.637177
3.52,3.67,3.41,588,3.67,2022-02-02T05:00:00Z,90080,3.521021
3.5,3.6,3.4445,635,3.56,2022-02-03T05:00:00Z,74494,3.514957
3.38,3.48,3.37,738,3.44,2022-02-04T05:00:00Z,117009,3.416921
3.56,3.62,3.34,638,3.38,2022-02-07T05:00:00Z,95814,3.492174
3.58,3.6,3.45,677,3.53,2022-02-08T05:00:00Z,88834,3.522066
3.49,3.61,3.465,591,3.59,2022-02-09T05:00:00Z,96887,3.516706
3.36,3.61,3.35,920,3.47,2022-02-10T05:00:00Z,131181,3.446565
3.53,3.6,3.35,708,3.35,2022-02-11T05:00:00Z,130059,3.506793
3.49,3.63,3.38,750,3.53,2022-02-14T05:00:00Z,182627,3.572531
3.42,3.46,3.33,461,3.36,2022-02-15T05:00:00Z,101648,3.378583
3.57,3.62,3.42,573,3.49,2022-02-16T05:00:00Z,105646,3.533399
3.66,3.9,3.56,1143,3.59,2022-02-17T05:00:00Z,249420,3.730621
3.54,3.798,3.48,556,3.65,2022-02-18T05:00:00Z,93760,3.59606
3.36,3.6,3.35,900,3.53,2022-02-22T05:00:00Z,120423,3.449899
3.34,3.47,3.33,844,3.41,2022-02-23T05:00:00Z,108218,3.404529
3.37,3.52,3.26,1145,3.43,2022-02-24T05:00:00Z,168772,3.357641
3.6,3.64,3.31,771,3.4,2022-02-25T05:00:00Z,80687,3.508624
3.6,3.77,3.58,899,3.77,2022-02-28T05:00:00Z,130704,3.661279
3.7,3.74,3.56,884,3.62,2022-03-01T05:00:00Z,127634,3.664186
4.0,4.01,3.7269,1376,3.74,2022-03-02T05:00:00Z,180262,3.954469
3.73,4.05,3.71,811,4.045,2022-03-03T05:00:00Z,139721,3.798723
4.03,4.05,3.74,935,3.74,2022-03-04T05:00:00Z,137556,3.951789
4.28,4.45,4.07,1583,4.09,2022-03-07T05:00:00Z,267621,4.252036
4.72,4.86,4.41,2194,4.43,2022-03-08T05:00:00Z,334528,4.684183
4.7,4.88,4.55,1476,4.65,2022-03-09T05:00:00Z,198943,4.735549
4.7,4.86,4.67,1038,4.76,2022-03-10T05:00:00Z,124523,4.741467
4.52,4.6975,4.4,1108,4.62,2022-03-11T05:00:00Z,161704,4.544477
4.0,4.53,3.95,1151,4.48,2022-03-14T04:00:00Z,178732,4.149487
3.99,4.0,3.77,1088,4.0,2022-03-15T04:00:00Z,86103,3.932572
4.03,4.05,3.8,1317,3.94,2022-03-16T04:00:00Z,120289,3.962719
4.5,4.5899,4.1,1173,4.13,2022-03-17T04:00:00Z,175707,4.444577
4.59,4.6,4.45,928,4.6,2022-03-18T04:00:00Z,314112,4.556028
4.66,4.74,4.55,1005,4.7,2022-03-21T04:00:00Z,124391,4.664846
4.51,4.82,4.41,960,4.65,2022-03-22T04:00:00Z,111249,4.542325
4.47,4.62,4.34,1113,4.49,2022-03-23T04:00:00Z,108503,4.441003
4.42,4.6,4.38,887,4.45,2022-03-24T04:00:00Z,81743,4.461592
4.32,4.44,4.23,1265,4.41,2022-03-25T04:00:00Z,139515,4.324468
4.19,4.3,4.0463,747,4.3,2022-03-28T04:00:00Z,83456,4.136685
4.38,4.41,4.05,811,4.15,2022-03-29T04:00:00Z,104188,4.282205
4.16,4.415,4.14,679,4.38,2022-03-30T04:00:00Z,74193,4.258662
4.1,4.245,4.05,891,4.13,2022-03-31T04:00:00Z,137183,4.109693
4.12,4.13,3.97,1074,4.05,2022-04-01T04:00:00Z,66231,4.070347
4.2,4.3172,4.15,583,4.23,2022-04-04T04:00:00Z,59704,4.211983
4.12,4.34,4.08,1421,4.3,2022-04-05T04:00:00Z,161285,4.144045
4.18,4.25,4.08,773,4.17,2022-04-06T04:00:00Z,57429,4.145664
4.21,4.32,4.15,653,4.23,2022-04-07T04:00:00Z,54070,4.191929
4.35,4.419,4.18,794,4.29,2022-04-08T04:00:00Z,110728,4.346552
4.41,4.53,4.275,941,4.53,2022-04-11T04:00:00Z,130656,4.399506
4.46,4.51,4.36,750,4.36,2022-04-12T04:00:00Z,99724,4.451535
4.38,4.57,4.31,1386,4.57,2022-04-13T04:00:00Z,161701,4.443333
4.57,4.61,4.33,867,4.4,2022-04-14T04:00:00Z,146301,4.504721
4.2,4.72,4.19,1176,4.61,2022-04-18T04:00:00Z,144513,4.417712
4.13,4.2772,4.1106,1163,4.24,2022-04-19T04:00:00Z,99957,4.172251
3.97,4.12,3.88,1679,4.12,2022-04-20T04:00:00Z,151542,3.961761
3.83,4.04,3.79,1855,4.0,2022-04-21T04:00:00Z,168009,3.85034
4.01,4.0316,3.795,2579,3.84,2022-04-22T04:00:00Z,375107,3.979297
3.87,3.92,3.7,1542,3.9,2022-04-25T04:00:00Z,240707,3.819962
3.64,3.84,3.59,1623,3.82,2022-04-26T04:00:00Z,157252,3.663604
3.61,3.76,3.6,1193,3.61,2022-04-27T04:00:00Z,73839,3.648568
3.6,3.67,3.51,1802,3.65,2022-04-28T04:00:00Z,178499,3.601693
3.53,3.63,3.45,1504,3.62,2022-04-29T04:00:00Z,245628,3.548846
3.46,3.47,3.36,1263,3.4,2022-05-02T04:00:00Z,144687,3.434475
3.4,3.54,3.4,1885,3.4,2022-05-03T04:00:00Z,120575,3.423883
3.59,3.61,3.36,1238,3.37,2022-05-04T04:00:00Z,157250,3.497866
3.45,3.64,3.3226,1871,3.64,2022-05-05T04:00:00Z,174619,3.420208
3.43,3.56,3.36,1350,3.56,2022-05-06T04:00:00Z,89814,3.423732
3.3,3.4,3.24,1702,3.35,2022-05-09T04:00:00Z,175277,3.287028
3.32,3.49,3.26,2036,3.33,2022-05-10T04:00:00Z,168378,3.352815
3.22,3.43,3.19,1745,3.43,2022-05-11T04:00:00Z,164372,3.263168
3.21,3.42,3.16,1959,3.26,2022-05-12T04:00:00Z,216140,3.236098
3.08,3.32,3.07,1571,3.19,2022-05-13T04:00:00Z,132303,3.151339
3.01,3.2,2.94,1552,3.15,2022-05-16T04:00:00Z,147336,3.046403
3.1,3.15,3.0,1150,3.08,2022-05-17T04:00:00Z,110389,3.08171
3.0,3.14,3.0,1050,3.13,2022-05-18T04:00:00Z,103016,3.034323
3.1,3.18,3.03,1431,3.03,2022-05-19T04:00:00Z,136405,3.096109
3.09,3.1625,2.95,1016,3.13,2022-05-20T04:00:00Z,130663,3.038026
3.19,3.2144,3.07,1302,3.15,2022-05-23T04:00:00Z,90386,3.178698
3.38,3.4208,3.16,1782,3.18,2022-05-24T04:00:00Z,122991,3.330071
3.37,3.4,3.2,972,3.4,2022-05-25T04:00:00Z,100867,3.288492
3.48,3.54,3.38,891,3.41,2022-05-26T04:00:00Z,109258,3.473844
3.48,3.49,3.4,1090,3.49,2022-05-27T04:00:00Z,186726,3.451703
3.48,3.63,3.42,869,3.42,2022-05-31T04:00:00Z,76453,3.511835
3.22,3.57,3.16,1635,3.5,2022-06-01T04:00:00Z,127557,3.307481
3.46,3.66,3.3,2097,3.3,2022-06-02T04:00:00Z,156091,3.528562
3.54,3.59,3.33,1213,3.4,2022-06-03T04:00:00Z,194808,3.496025
3.28,3.54,3.18,3139,3.54,2022-06-06T04:00:00Z,5781774,3.213843
3.56,3.59,3.21,2826,3.21,2022-06-07T04:00:00Z,268146,3.44605
3.39,3.56,3.3,1906,3.5,2022-06-08T04:00:00Z,168447,3.418642
3.39,3.49,3.22,2090,3.37,2022-06-09T04:00:00Z,154258,3.37899
3.52,3.55,3.21,2317,3.24,2022-06-10T04:00:00Z,216310,3.426908
3.44,3.5,3.33,2340,3.45,2022-06-13T04:00:00Z,244589,3.43508
3.47,3.51,3.4,1793,3.42,2022-06-14T04:00:00Z,179318,3.464117
3.51,3.565,3.4,1778,3.5,2022-06-15T04:00:00Z,227494,3.492673
3.51,3.54,3.45,2223,3.51,2022-06-16T04:00:00Z,286505,3.498403
3.32,3.54,3.26,2825,3.51,2022-06-17T04:00:00Z,269956,3.407224
3.33,3.42,3.261,2391,3.3,2022-06-21T04:00:00Z,201516,3.341795
3.31,3.43,3.31,2211,3.37,2022-06-22T04:00:00Z,225603,3.346568
3.4,3.49,3.32,2422,3.39,2022-06-23T04:00:00Z,190619,3.393804
3.82,3.88,3.36,5665,3.36,2022-06-24T04:00:00Z,5607593,3.811675
3.69,3.83,3.64,1308,3.83,2022-06-27T04:00:00Z,73752,3.712055
3.37,3.65,3.36,772,3.65,2022-06-28T04:00:00Z,84573,3.51538
3.23,3.3653,3.21,827,3.35,2022-06-29T04:00:00Z,85576,3.261832
3.31,3.33,3.05,1892,3.23,2022-06-30T04:00:00Z,221568,3.207069
3.18,3.4228,3.1142,593,3.27,2022-07-01T04:00:00Z,46272,3.209567
3.04,3.24,3.02,1139,3.15,2022-07-05T04:00:00Z,100406,3.077784
2.8,3.04,2.76,1171,3.04,2022-07-06T04:00:00Z,142655,2.864742
2.85,2.9569,2.81,565,2.81,2022-07-07T04:00:00Z,75477,2.911784
2.8,2.91,2.77,604,2.86,2022-07-08T04:00:00Z,73169,2.820558
2.73,2.89,2.71,561,2.89,2022-07-11T04:00:00Z,101305,2.789949
2.66,2.72,2.64,604,2.72,2022-07-12T04:00:00Z,60695,2.678861
2.84,2.84,2.5901,546,2.66,2022-07-13T04:00:00Z,79369,2.708563
2.8,2.89,2.74,584,2.8,2022-07-14T04:00:00Z,62008,2.81276
2.89,2.96,2.8,578,2.85,2022-07-15T04:00:00Z,56667,2.892036
2.81,2.9409,2.8,444,2.88,2022-07-18T04:00:00Z,47886,2.87258
2.85,2.91,2.78,965,2.84,2022-07-19T04:00:00Z,112238,2.863939
2.81,2.8965,2.73,371,2.85,2022-07-20T04:00:00Z,45220,2.812915
2.77,2.81,2.68,612,2.81,2022-07-21T04:00:00Z,63418,2.72313
2.7,2.78,2.68,339,2.77,2022-07-22T04:00:00Z,54370,2.7307
2.73,2.74,2.65,349,2.74,2022-07-25T04:00:00Z,31635,2.701055
2.69,2.76,2.68,277,2.73,2022-07-26T04:00:00Z,35686,2.707553
2.74,2.74,2.63,489,2.71,2022-07-27T04:00:00Z,65403,2.689141
2.72,2.78,2.7101,396,2.77,2022-07-28T04:00:00Z,39230,2.748816
2.76,2.7953,2.7,453,2.77,2022-07-29T04:00:00Z,60759,2.734111
2.73,2.81,2.73,360,2.81,2022-08-01T04:00:00Z,22109,2.761741
2.69,2.7599,2.65,589,2.72,2022-08-02T04:00:00Z,95917,2.690677
2.75,2.75,2.66,537,2.68,2022-08-03T04:00:00Z,82160,2.719268
2.64,2.76,2.64,596,2.74,2022-08-04T04:00:00Z,71012,2.677359
2.63,2.7028,2.58,582,2.62,2022-08-05T04:00:00Z,138141,2.641147
2.64,2.75,2.6313,513,2.75,2022-08-08T04:00:00Z,68664,2.671921
2.59,2.66,2.52,914,2.62,2022-08-09T04:00:00Z,71190,2.571248
2.68,2.69,2.57,436,2.59,2022-08-10T04:00:00Z,73657,2.636543
2.75,2.83,2.66,976,2.7,2022-08-11T04:00:00Z,165836,2.762478
2.79,2.8,2.65,466,2.65,2022-08-12T04:00:00Z,120515,2.759396
2.73,2.77,2.68,553,2.69,2022-08-15T04:00:00Z,58830,2.716312
2.77,2.77,2.66,477,2.75,2022-08-16T04:00:00Z,48476,2.732033
2.7,2.77,2.67,243,2.77,2022-08-17T04:00:00Z,50783,2.6995
2.65,2.7,2.6,283,2.7,2022-08-18T04:00:00Z,57430,2.627403
2.64,2.66,2.58,291,2.66,2022-08-19T04:00:00Z,32081,2.605081
2.61,2.643,2.57,242,2.6,2022-08-22T04:00:00Z,30285,2.60219
2.7,2.7,2.61,302,2.64,2022-08-23T04:00:00Z,57489,2.655957
2.67,2.73,2.6,327,2.6,2022-08-24T04:00:00Z,87661,2.646381
2.63,2.6976,2.63,150,2.65,2022-08-25T04:00:00Z,33070,2.65096
2.63,2.72,2.6,267,2.72,2022-08-26T04:00:00Z,17388,2.632675
2.65,2.67,2.6016,195,2.63,2022-08-29T04:00:00Z,40504,2.637485
2.62,2.62,2.54,356,2.6,2022-08-30T04:00:00Z,51652,2.58372
2.58,2.59,2.48,176,2.59,2022-08-31T04:00:00Z,21215,2.555526
2.51,2.5908,2.45,324,2.59,2022-09-01T04:00:00Z,19480,2.526831
2.65,2.65,2.52,398,2.53,2022-09-02T04:00:00Z,59647,2.614471
2.62,2.67,2.58,167,2.62,2022-09-06T04:00:00Z,23042,2.614963
2.73,2.74,2.61,512,2.65,2022-09-07T04:00:00Z,72325,2.681696
2.78,2.8137,2.71,396,2.74,2022-09-08T04:00:00Z,45887,2.763767
2.79,2.885,2.76,340,2.79,2022-09-09T04:00:00Z,65589,2.828066
2.74,2.87,2.74,319,2.8,2022-09-12T04:00:00Z,48922,2.792102
2.67,2.76,2.63,245,2.7,2022-09-13T04:00:00Z,38877,2.678029
2.55,2.71,2.52,391,2.68,2022-09-14T04:00:00Z,52886,2.618227
2.49,2.63,2.46,503,2.58,2022-09-15T04:00:00Z,71540,2.534598
2.5,2.59,2.4582,362,2.59,2022-09-16T04:00:00Z,65911,2.53488
2.45,2.54,2.4,477,2.5,2022-09-19T04:00:00Z,67199,2.472653
2.4,2.4771,2.35,398,2.43,2022-09-20T04:00:00Z,89447,2.423668
2.34,2.44,2.3,539,2.44,2022-09-21T04:00:00Z,114492,2.362192
2.25,2.45,2.2,511,2.45,2022-09-22T04:00:00Z,71595,2.277027
2.04,2.2386,2.04,349,2.2,2022-09-23T04:00:00Z,58406,2.109208
1.92,2.0781,1.9,485,2.04,2022-09-26T04:00:00Z,135823,1.978416
1.93,2.01,1.89,375,1.89,2022-09-27T04:00:00Z,96213,1.948754
2.0,2.01,1.9199,401,1.93,2022-09-28T04:00:00Z,54314,1.968594
1.98,2.26,1.94,241,2.26,2022-09-29T04:00:00Z,28088,1.991531
2.02,2.0457,1.94,449,2.04,2022-09-30T04:00:00Z,87019,1.993817
2.05,2.06,2.0,288,2.03,2022-10-03T04:00:00Z,51386,2.029476
2.22,2.25,2.03,347,2.03,2022-10-04T04:00:00Z,65200,2.201467
2.17,2.23,2.1398,232,2.23,2022-10-05T04:00:00Z,25309,2.17842
2.14,2.17,2.125,190,2.15,2022-10-06T04:00:00Z,98980,2.154784
1.94,2.12,1.94,286,2.12,2022-10-07T04:00:00Z,59888,2.02711
1.81,2.1,1.81,348,2.08,2022-10-10T04:00:00Z,91931,1.880254
1.88,2.015,1.78,525,1.79,2022-10-11T04:00:00Z,172102,1.869839
1.9067,1.93,1.82,237,1.89,2022-10-12T04:00:00Z,40092,1.863501
1.85,1.93,1.84,235,1.93,2022-10-13T04:00:00Z,23583,1.885517
1.75,1.845,1.75,171,1.83,2022-10-14T04:00:00Z,38036,1.796249
1.74,1.825,1.73,432,1.81,2022-10-17T04:00:00Z,83322,1.770808
1.805,1.8199,1.74,220,1.74,2022-10-18T04:00:00Z,31893,1.794016
1.71,1.84,1.7,381,1.78,2022-10-19T04:00:00Z,116516,1.743442
1.7,1.79,1.7,461,1.7,2022-10-20T04:00:00Z,141930,1.73845
1.73,1.7999,1.69,436,1.69,2022-10-21T04:00:00Z,71441,1.745646
1.735,1.7681,1.72,270,1.75,2022-10-24T04:00:00Z,43464,1.734074
1.77,1.78,1.74,339,1.74,2022-10-25T04:00:00Z,69111,1.759531
1.77,1.8,1.75,286,1.77,2022-10-26T04:00:00Z,53194,1.778729
1.78,1.8,1.77,103,1.8,2022-10-27T04:00:00Z,15810,1.784026
2.1,2.1,1.82,990,1.84,2022-10-28T04:00:00Z,275607,1.981364
2.35,2.42,2.2,988,2.28,2022-10-31T04:00:00Z,207228,2.331179
2.31,2.48,2.27,620,2.48,2022-11-01T04:00:00Z,76811,2.397709
2.14,2.33,2.14,446,2.28,2022-11-02T04:00:00Z,125157,2.251676
2.05,2.17,2.03,270,2.14,2022-11-03T04:00:00Z,54340,2.083316
2.35,2.37,2.1061,720,2.11,2022-11-04T04:00:00Z,182077,2.251669
2.44,2.45,2.35,371,2.35,2022-11-07T05:00:00Z,60629,2.404851
2.35,2.45,2.22,906,2.45,2022-11-08T05:00:00Z,171144,2.302011
2.25,2.43,2.1434,586,2.35,2022-11-09T05:00:00Z,188663,2.255843
2.4,2.43,2.3,574,2.3,2022-11-10T05:00:00Z,153457,2.393812
2.61,2.65,2.39,528,2.42,2022-11-11T05:00:00Z,104914,2.513913
2.43,2.6107,2.35,470,2.6,2022-11-14T05:00:00Z,84177,2.462555
2.38,2.44,2.358,313,2.4,2022-11-15T05:00:00Z,66101,2.401804
2.38,2.4599,2.34,530,2.38,2022-11-16T05:00:00Z,23040,2.408924
2.27,2.3883,2.26,393,2.38,2022-11-17T05:00:00Z,84054,2.323716
2.18,2.29,2.16,356,2.26,2022-11-18T05:00:00Z,117345,2.246852
2.15,2.25,2.0988,339,2.25,2022-11-21T05:00:00Z,78415,2.156987
2.25,2.32,2.15,384,2.16,2022-11-22T05:00:00Z,75862,2.229995
2.21,2.2899,2.2,165,2.23,2022-11-23T05:00:00Z,28342,2.232208
2.17,2.245,2.16,141,2.21,2022-11-25T05:00:00Z,26393,2.196474
2.11,2.2,2.11,292,2.17,2022-11-28T05:00:00Z,38328,2.149303
2.05,2.17,2.01,492,2.12,2022-11-29T05:00:00Z,84526,2.110397
2.1,2.14,2.06,319,2.06,2022-11-30T05:00:00Z,47305,2.102311
2.25,2.2999,2.15,377,2.15,2022-12-01T05:00:00Z,76022,2.22533
2.32,2.34,2.1501,391,2.19,2022-12-02T05:00:00Z,66169,2.258324
2.24,2.3135,2.12,568,2.29,2022-12-05T05:00:00Z,101243,2.188278
2.11,2.27,2.11,401,2.27,2022-12-06T05:00:00Z,55056,2.158669
2.13,2.21,2.1,319,2.13,2022-12-07T05:00:00Z,69756,2.124318
2.08,2.1323,2.02,513,2.1323,2022-12-08T05:00:00Z,67817,2.06472
1.85,2.1,1.845,837,2.07,2022-12-09T05:00:00Z,190132,1.969799
1.84,2.01,1.84,690,2.0,2022-12-12T05:00:00Z,169864,1.927035
2.0,2.02,1.94,700,1.95,2022-12-13T05:00:00Z,113132,1.984828
1.88,2.0773,1.88,775,1.97,2022-12-14T05:00:00Z,144361,1.924457
1.9,1.95,1.88,288,1.95,2022-12-15T05:00:00Z,36142,1.900024
1.88,1.9,1.83,531,1.9,2022-12-16T05:00:00Z,113995,1.875518
2.23,2.24,1.97,1492,1.99,2022-12-19T05:00:00Z,288259,2.116414
2.53,2.53,2.25,837,2.25,2022-12-20T05:00:00Z,177045,2.400307
2.8,2.8496,2.53,2019,2.58,2022-12-21T05:00:00Z,421228,2.768653
2.8,2.8,2.64,562,2.78,2022-12-22T05:00:00Z,113333,2.743843
2.8,2.85,2.75,729,2.85,2022-12-23T05:00:00Z,154279,2.798368
2.94,2.96,2.8,628,2.9,2022-12-27T05:00:00Z,181363,2.911735
2.84,2.9822,2.77,488,2.94,2022-12-28T05:00:00Z,105172,2.893721
2.86,2.91,2.75,370,2.82,2022-12-29T05:00:00Z,61840,2.843949
2.92,2.93,2.82,392,2.86,2022-12-30T05:00:00Z,86176,2.90311
2.48,2.95,2.43,878,2.91,2023-01-03T05:00:00Z,194934,2.663618
2.8,2.81,2.51,598,2.51,2023-01-04T05:00:00Z,90484,2.679139
2.82,2.915,2.74,348,2.82,2023-01-05T05:00:00Z,59802,2.840574
2.86,2.92,2.775,514,2.84,2023-01-06T05:00:00Z,116098,2.85361
2.88,2.946,2.84,519,2.89,2023-01-09T05:00:00Z,101607,2.888984
2.92,2.94,2.84,707,2.85,2023-01-10T05:00:00Z,121218,2.894899
2.91,2.98,2.82,379,2.95,2023-01-11T05:00:00Z,117441,2.903136
3.05,3.0799,2.91,733,2.99,2023-01-12T05:00:00Z,121227,2.975137
3.37,3.38,2.86,1087,2.91,2023-01-13T05:00:00Z,206737,3.205973
3.47,3.49,3.34,933,3.45,2023-01-17T05:00:00Z,164648,3.439463
3.54,3.6,3.5,1012,3.5,2023-01-18T05:00:00Z,139662,3.546216
3.55,3.5997,3.305,553,3.5,2023-01-19T05:00:00Z,85395,3.471931
3.75,3.77,3.5093,1022,3.56,2023-01-20T05:00:00Z,177407,3.653829
3.71,3.78,3.66,670,3.7,2023-01-23T05:00:00Z,123910,3.714162
3.65,3.82,3.565,406,3.77,2023-01-24T05:00:00Z,93071,3.650811
3.64,3.65,3.42,755,3.6,2023-01-25T05:00:00Z,233341,3.534488
3.68,3.75,3.5501,567,3.74,2023-01-26T05:00:00Z,74477,3.667142
3.56,3.64,3.5,310,3.63,2023-01-27T05:00:00Z,51229,3.561642
3.48,3.57,3.45,392,3.55,2023-01-30T05:00:00Z,74390,3.491743
3.56,3.58,3.4224,817,3.51,2023-01-31T05:00:00Z,134960,3.504475
3.58,3.6076,3.46,718,3.53,2023-02-01T05:00:00Z,111465,3.549189
3.6,3.67,3.4796,801,3.58,2023-02-02T05:00:00Z,187586,3.562154
3.49,3.56,3.46,519,3.53,2023-02-03T05:00:00Z,140446,3.486429
3.53,3.53,3.32,899,3.53,2023-02-06T05:00:00Z,131488,3.435266
3.6,3.625,3.441,866,3.55,2023-02-07T05:00:00Z,103078,3.550859
3.57,3.62,3.5017,572,3.6,2023-02-08T05:00:00Z,51890,3.578714
3.54,3.65,3.53,1029,3.65,2023-02-09T05:00:00Z,72816,3.58836
3.42,3.6,3.38,760,3.55,2023-02-10T05:00:00Z,101359,3.445621
3.34,3.4345,3.31,499,3.42,2023-02-13T05:00:00Z,44500,3.368816
3.24,3.37,3.18,822,3.31,2023-02-14T05:00:00Z,126098,3.265266
3.14,3.21,3.1,673,3.15,2023-02-15T05:00:00Z,73182,3.163682
3.33,3.45,3.1,727,3.17,2023-02-16T05:00:00Z,88479,3.283411
3.29,3.36,3.25,504,3.31,2023-02-17T05:00:00Z,65452,3.289694
3.18,3.32,3.18,586,3.32,2023-02-21T05:00:00Z,50307,3.238713
3.18,3.2,3.1201,328,3.15,2023-02-22T05:00:00Z,47834,3.160474
3.25,3.4,3.19,332,3.4,2023-02-23T05:00:00Z,43341,3.256476
3.19,3.29,3.16,655,3.21,2023-02-24T05:00:00Z,53988,3.212679
3.25,3.43,3.16,649,3.16,2023-02-27T05:00:00Z,69705,3.308279
3.57,3.58,3.25,760,3.29,2023-02-28T05:00:00Z,118218,3.458352
3.56,3.63,3.5,617,3.52,2023-03-01T05:00:00Z,71364,3.558412
3.57,3.59,3.42,552,3.42,2023-03-02T05:00:00Z,74953,3.541894
3.64,3.67,3.51,1271,3.54,2023-03-03T05:00:00Z,180082,3.581245
3.56,3.65,3.45,514,3.64,2023-03-06T05:00:00Z,53295,3.54401
3.57,3.62,3.4664,674,3.55,2023-03-07T05:00:00Z,50493,3.543057
3.63,3.66,3.54,790,3.63,2023-03-08T05:00:00Z,66341,3.606563
3.59,3.661,3.5701,1132,3.63,2023-03-09T05:00:00Z,75521,3.628266
3.57,3.65,3.36,1452,3.36,2023-03-10T05:00:00Z,190857,3.55657
3.59,3.83,3.5,531,3.83,2023-03-13T04:00:00Z,42290,3.591861
3.49,3.62,3.28,1511,3.61,2023-03-14T04:00:00Z,163777,3.441185
3.57,3.7,3.42,734,3.45,2023-03-15T04:00:00Z,88802,3.581109
3.42,3.61,3.4,614,3.57,2023-03-16T04:00:00Z,67708,3.458214
3.4,3.51,3.1601,1103,3.25,2023-03-17T04:00:00Z,231291,3.303705
3.46,3.54,3.32,724,3.42,2023-03-20T04:00:00Z,110917,3.455662
3.32,3.58,3.22,1461,3.46,2023-03-21T04:00:00Z,175358,3.401762
3.47,3.52,3.27,688,3.3,2023-03-22T04:00:00Z,69415,3.390842
3.56,3.59,3.42,762,3.53,2023-03-23T04:00:00Z,73553,3.548978
3.59,3.61,3.54,807,3.5501,2023-03-24T04:00:00Z,57293,3.571006
3.78,3.78,3.51,1072,3.51,2023-03-27T04:00:00Z,131780,3.694067
4.19,4.2,3.74,1387,3.79,2023-03-28T04:00:00Z,200363,4.009621
4.37,4.4,4.14,1579,4.24,2023-03-29T04:00:00Z,178807,4.287749
4.43,4.5,4.3401,1328,4.4,2023-03-30T04:00:00Z,143273,4.449838
4.45,4.48,4.25,1111,4.4,2023-03-31T04:00:00Z,123887,4.37743
4.7,4.79,4.4301,1422,4.5,2023-04-03T04:00:00Z,159065,4.65321
4.75,4.77,4.64,1595,4.75,2023-04-04T04:00:00Z,141767,4.704789
4.74,4.8,4.6,1051,4.75,2023-04-05T04:00:00Z,151170,4.700291
4.84,4.88,4.6001,1258,4.7,2023-04-06T04:00:00Z,117118,4.788855
4.9,4.93,4.7601,1357,4.87,2023-04-10T04:00:00Z,193331,4.871226
4.95,5.02,4.7901,1325,4.99,2023-04-11T04:00:00Z,196261,4.943094
5.1,5.16,4.84,1326,5.01,2023-04-12T04:00:00Z,135631,5.009536
5.17,5.1999,5.03,1172,5.14,2023-04-13T04:00:00Z,145634,5.143808
4.72,5.17,4.51,2269,5.17,2023-04-14T04:00:00Z,312379,4.790764
4.61,4.825,4.51,2266,4.82,2023-04-17T04:00:00Z,253202,4.663295
4.7,4.83,4.5623,838,4.59,2023-04-18T04:00:00Z,97461,4.726669
4.62,4.73,4.5153,819,4.6,2023-04-19T04:00:00Z,84176,4.627479
4.62,4.72,4.62,686,4.64,2023-04-20T04:00:00Z,63818,4.668027
4.62,4.64,4.36,1194,4.59,2023-04-21T04:00:00Z,146459,4.501128
4.41,4.5487,4.36,1093,4.53,2023-04-24T04:00:00Z,132000,4.465818
4.41,4.48,4.1503,1598,4.41,2023-04-25T04:00:00Z,173265,4.353692
4.44,4.46,4.28,965,4.28,2023-04-26T04:00:00Z,77839,4.401448
4.55,4.63,4.41,932,4.445,2023-04-27T04:00:00Z,71749,4.547335
4.81,4.85,4.52,1513,4.52,2023-04-28T04:00:00Z,149487,4.712998
4.8,4.93,4.71,999,4.93,2023-05-01T04:00:00Z,77139,4.801925
4.8,4.87,4.63,1187,4.79,2023-05-02T04:00:00Z,103287,4.781494
4.96,5.02,4.79,1590,4.93,2023-05-03T04:00:00Z,132581,4.935212
5.17,5.18,5.0,1997,5.01,2023-05-04T04:00:00Z,361192,5.119686
5.31,5.46,4.98,1445,5.0,2023-05-05T04:00:00Z,143271,5.229842
5.31,5.4899,5.17,1224,5.23,2023-05-08T04:00:00Z,129971,5.345913
5.28,5.37,5.05,1172,5.37,2023-05-09T04:00:00Z,95820,5.194456
5.22,5.32,5.06,689,5.24,2023-05-10T04:00:00Z,63258,5.181335
5.12,5.4,5.07,947,5.24,2023-05-11T04:00:00Z,81454,5.176968
5.1,5.23,4.98,785,5.12,2023-05-12T04:00:00Z,69904,5.092991
5.08,5.32,4.94,1100,4.94,2023-05-15T04:00:00Z,116129,5.072314
4.98,5.11,4.87,1433,5.11,2023-05-16T04:00:00Z,155401,4.99029
5.03,5.06,4.94,1919,5.01,2023-05-17T04:00:00Z,195068,4.996341
4.74,4.97,4.635,2589,4.97,2023-05-18T04:00:00Z,270686,4.757236
4.79,5.005,4.64,1760,4.68,2023-05-19T04:00:00Z,199617,4.861233
4.84,4.92,4.58,1156,4.79,2023-05-22T04:00:00Z,83047,4.75913
5.0,5.06,4.84,1784,4.9,2023-05-23T04:00:00Z,157697,4.987232
4.87,5.06,4.79,884,5.0,2023-05-24T04:00:00Z,82891,4.881247
4.46,4.94,4.43,1323,4.94,2023-05-25T04:00:00Z,142354,4.570142
4.32,4.51,4.24,1209,4.47,2023-05-26T04:00:00Z,106731,4.360194
4.36,4.4599,4.206,1240,4.32,2023-05-30T04:00:00Z,91263,4.351396
4.57,4.74,4.37,1311,4.37,2023-05-31T04:00:00Z,102408,4.625414
4.85,4.91,4.57,1414,4.57,2023-06-01T04:00:00Z,113981,4.78122
4.83,5.01,4.71,2081,4.88,2023-06-02T04:00:00Z,208922,4.866892
4.74,4.81,4.69,941,4.7,2023-06-05T04:00:00Z,56481,4.738356
4.75,4.93,4.66,1506,4.7,2023-06-06T04:00:00Z,91379,4.754689
4.69,4.93,4.65,943,4.83,2023-06-07T04:00:00Z,55666,4.757892
4.62,4.8896,4.62,1340,4.75,2023-06-08T04:00:00Z,91226,4.731046
4.51,4.66,4.44,1410,4.61,2023-06-09T04:00:00Z,78704,4.556657
4.53,4.58,4.44,1415,4.5,2023-06-12T04:00:00Z,67053,4.516741
4.33,4.69,4.3,1849,4.49,2023-06-13T04:00:00Z,126076,4.434233
4.24,4.51,4.22,1724,4.32,2023-06-14T04:00:00Z,104874,4.34385
4.17,4.327,4.09,1557,4.2,2023-06-15T04:00:00Z,113395,4.193135
4.04,4.32,4.04,2473,4.08,2023-06-16T04:00:00Z,154923,4.11701
3.81,4.01,3.64,3521,4.01,2023-06-20T04:00:00Z,315159,3.823354
3.9,3.97,3.69,4086,3.69,2023-06-21T04:00:00Z,403037,3.857957
3.94,4.04,3.8622,2434,3.9,2023-06-22T04:00:00Z,197181,3.996601
3.6,4.07,3.6,4665,3.9,2023-06-23T04:00:00Z,4430113,3.615284
3.57,3.75,3.48,3662,3.63,2023-06-26T04:00:00Z,329674,3.595817
3.68,3.74,3.56,1813,3.57,2023-06-27T04:00:00Z,120119,3.666148
3.45,3.72,3.38,3341,3.48,2023-06-28T04:00:00Z,266466,3.494869
3.54,3.56,3.35,1987,3.42,2023-06-29T04:00:00Z,178232,3.453994
3.67,3.76,3.55,1971,3.55,2023-06-30T04:00:00Z,194419,3.664534
3.59,3.7375,3.52,549,3.67,2023-07-03T04:00:00Z,49850,3.59817
3.59,3.69,3.46,1540,3.6,2023-07-05T04:00:00Z,121086,3.568784
3.51,3.61,3.42,1217,3.6,2023-07-06T04:00:00Z,104473,3.484855
3.38,3.6225,3.36,1530,3.51,2023-07-07T04:00:00Z,138749,3.446314
3.55,3.59,3.31,1366,3.33,2023-07-10T04:00:00Z,121569,3.471049
3.58,3.61,3.48,869,3.54,2023-07-11T04:00:00Z,78464,3.562332
3.74,3.8,3.65,1055,3.67,2023-07-12T04:00:00Z,141452,3.715729
3.7,3.8599,3.67,556,3.68,2023-07-13T04:00:00Z,61387,3.734786
3.64,3.7285,3.59,781,3.71,2023-07-14T04:00:00Z,85340,3.643611
3.76,3.76,3.58,645,3.63,2023-07-17T04:00:00Z,53065,3.702769
3.87,3.95,3.76,1317,3.76,2023-07-18T04:00:00Z,145804,3.865292
3.74,3.9134,3.71,1134,3.86,2023-07-19T04:00:00Z,100535,3.791292
3.81,3.84,3.67,1432,3.74,2023-07-20T04:00:00Z,109394,3.773303
3.71,3.85,3.68,1184,3.83,2023-07-21T04:00:00Z,89042,3.752505
3.53,3.69,3.41,2062,3.67,2023-07-24T04:00:00Z,267836,3.524284
3.62,3.64,3.48,973,3.48,2023-07-25T04:00:00Z,96712,3.56065
3.68,3.69,3.51,1471,3.62,2023-07-26T04:00:00Z,190327,3.627382
3.715,3.76,3.6,1210,3.68,2023-07-27T04:00:00Z,100460,3.697407
3.71,3.83,3.64,1302,3.73,2023-07-28T04:00:00Z,166433,3.748011
3.78,3.8,3.67,824,3.71,2023-07-31T04:00:00Z,78587,3.737598
3.83,3.88,3.66,880,3.78,2023-08-01T04:00:00Z,67300,3.791365
3.79,3.9,3.67,1009,3.67,2023-08-02T04:00:00Z,101514,3.813527
3.59,3.8099,3.55,889,3.75,2023-08-03T04:00:00Z,111383,3.632956
3.53,3.66,3.51,1129,3.65,2023-08-04T04:00:00Z,82599,3.589777
3.54,3.6,3.42,1122,3.5,2023-08-07T04:00:00Z,86446,3.509336
3.54,3.57,3.49,964,3.54,2023-08-08T04:00:00Z,74159,3.523458
3.38,3.54,3.36,1110,3.54,2023-08-09T04:00:00Z,97483,3.419654
3.37,3.43,3.35,1688,3.37,2023-08-10T04:00:00Z,132299,3.358477
3.35,3.57,3.35,1161,3.36,2023-08-11T04:00:00Z,88971,3.375985
3.27,3.4413,3.25,1306,3.35,2023-08-14T04:00:00Z,132873,3.309141
3.06,3.3,3.05,1408,3.3,2023-08-15T04:00:00Z,171492,3.136239
2.76,3.053,2.68,3170,2.97,2023-08-16T04:00:00Z,401826,2.808746
2.735,2.82,2.635,2050,2.8,2023-08-17T04:00:00Z,305813,2.726124
2.76,2.825,2.67,1831,2.76,2023-08-18T04:00:00Z,233612,2.769524
3.05,3.1,2.71,2273,2.71,2023-08-21T04:00:00Z,207826,2.945405
3.27,3.36,3.11,1238,3.22,2023-08-22T04:00:00Z,117518,3.250053
3.53,3.65,3.37,1425,3.41,2023-08-23T04:00:00Z,174460,3.528262
3.59,3.72,3.42,1367,3.65,2023-08-24T04:00:00Z,130299,3.600667
3.47,3.61,3.35,994,3.6,2023-08-25T04:00:00Z,76181,3.459392
3.62,3.66,3.4201,1321,3.5,2023-08-28T04:00:00Z,137585,3.590509
3.58,3.7782,3.55,884,3.57,2023-08-29T04:00:00Z,93851,3.637443
3.47,3.669,3.42,991,3.6,2023-08-30T04:00:00Z,85302,3.511127
3.31,3.47,3.22,1264,3.44,2023-08-31T04:00:00Z,145308,3.311086
3.27,3.37,3.245,1129,3.34,2023-09-01T04:00:00Z,78016,3.304573
3.21,3.27,3.11,872,3.27,2023-09-05T04:00:00Z,98044,3.188141
3.28,3.33,3.21,790,3.21,2023-09-06T04:00:00Z,78017,3.264648
3.29,3.34,3.18,863,3.34,2023-09-07T04:00:00Z,79858,3.276559
3.27,3.38,3.22,665,3.3,2023-09-08T04:00:00Z,79826,3.285948
3.44,3.47,3.26,1313,3.27,2023-09-11T04:00:00Z,191192,3.406268
3.46,3.5,3.39,779,3.41,2023-09-12T04:00:00Z,80602,3.451591
3.46,3.5,3.39,1224,3.5,2023-09-13T04:00:00Z,100861,3.457737
3.57,3.58,3.4062,770,3.46,2023-09-14T04:00:00Z,87460,3.541863
3.79,3.89,3.48,2136,3.58,2023-09-15T04:00:00Z,453638,3.752611
3.78,3.96,3.7,1367,3.78,2023-09-18T04:00:00Z,139355,3.82051
3.71,3.8,3.665,1081,3.79,2023-09-19T04:00:00Z,136516,3.716841
3.7,3.7711,3.65,1452,3.71,2023-09-20T04:00:00Z,171858,3.690506
3.74,3.78,3.57,782,3.57,2023-09-21T04:00:00Z,77546,3.710353
3.72,3.92,3.7,953,3.75,2023-09-22T04:00:00Z,98848,3.79252
3.81,3.82,3.68,851,3.68,2023-09-25T04:00:00Z,58411,3.77682
3.7,3.845,3.6865,744,3.74,2023-09-26T04:00:00Z,81726,3.728794
3.54,3.7855,3.52,957,3.71,2023-09-27T04:00:00Z,135146,3.584377
3.35,3.54,3.3,873,3.54,2023-09-28T04:00:00Z,78007,3.3872
3.26,3.47,3.21,1138,3.47,2023-09-29T04:00:00Z,105390,3.270794
3.12,3.2599,3.1,994,3.22,2023-10-02T04:00:00Z,135350,3.145559
3.07,3.16,3.04,909,3.1,2023-10-03T04:00:00Z,86633,3.083061
3.2,3.2573,3.08,961,3.11,2023-10-04T04:00:00Z,127409,3.185273
3.54,3.56,3.3,1185,3.3,2023-10-05T04:00:00Z,152792,3.461346
3.69,3.72,3.45,927,3.46,2023-10-06T04:00:00Z,122086,3.631055
3.93,3.99,3.62,1072,3.74,2023-10-09T04:00:00Z,172449,3.866162
3.81,3.96,3.75,950,3.93,2023-10-10T04:00:00Z,121087,3.838577
3.74,3.83,3.56,856,3.83,2023-10-11T04:00:00Z,108024,3.70731
3.6,3.77,3.55,738,3.73,2023-10-12T04:00:00Z,88470,3.632519
3.75,3.78,3.62,993,3.74,2023-10-13T04:00:00Z,75458,3.725754
3.69,3.82,3.68,614,3.74,2023-10-16T04:00:00Z,78220,3.734608
3.78,3.9,3.68,1038,3.7,2023-10-17T04:00:00Z,90484,3.793634
3.69,3.8,3.67,627,3.79,2023-10-18T04:00:00Z,87551,3.722786
3.7,3.755,3.6,531,3.64,2023-10-19T04:00:00Z,77545,3.687203
3.68,3.775,3.61,878,3.66,2023-10-20T04:00:00Z,132299,3.693748
3.64,3.74,3.59,1283,3.65,2023-10-23T04:00:00Z,125402,3.650506
3.57,3.7,3.52,1228,3.65,2023-10-24T04:00:00Z,154498,3.589007
3.5,3.59,3.4401,658,3.58,2023-10-25T04:00:00Z,71796,3.517896
3.59,3.62,3.43,1113,3.5,2023-10-26T04:00:00Z,118288,3.534616
3.59,3.62,3.5235,497,3.6,2023-10-27T04:00:00Z,78019,3.5921
3.46,3.68,3.31,1554,3.62,2023-10-30T04:00:00Z,191344,3.491616
3.61,3.61,3.39,890,3.53,2023-10-31T04:00:00Z,100300,3.53354
3.48,3.59,3.47,676,3.58,2023-11-01T04:00:00Z,90259,3.502726
3.53,3.56,3.48,628,3.5,2023-11-02T04:00:00Z,72886,3.52626
3.56,3.62,3.4941,1045,3.61,2023-11-03T04:00:00Z,114505,3.555643
3.55,3.7,3.5,764,3.56,2023-11-06T05:00:00Z,87558,3.596701
3.48,3.55,3.42,696,3.53,2023-11-07T05:00:00Z,98565,3.479297
3.31,3.48,3.26,787,3.48,2023-11-08T05:00:00Z,92801,3.33839
3.3,3.39,3.27,648,3.29,2023-11-09T05:00:00Z,81020,3.309693
3.3,3.44,3.25,405,3.31,2023-11-10T05:00:00Z,75308,3.286622
3.14,3.325,3.13,945,3.27,2023-11-13T05:00:00Z,141112,3.205519
3.28,3.29,3.06,1376,3.18,2023-11-14T05:00:00Z,134506,3.223717
3.18,3.25,3.1,631,3.1,2023-11-15T05:00:00Z,88319,3.188166
3.11,3.26,3.11,854,3.23,2023-11-16T05:00:00Z,96791,3.183209
3.13,3.23,3.03,981,3.14,2023-11-17T05:00:00Z,158712,3.102877
3.19,3.23,3.09,1091,3.18,2023-11-20T05:00:00Z,97370,3.159646
3.23,3.2899,3.2,626,3.2,2023-11-21T05:00:00Z,111148,3.243387
3.09,3.2627,3.07,1439,3.24,2023-11-22T05:00:00Z,114697,3.162818
3.15,3.24,3.03,604,3.09,2023-11-24T05:00:00Z,35546,3.111572
3.07,3.15,3.04,741,3.07,2023-11-27T05:00:00Z,93378,3.077748
3.2,3.22,3.02,1341,3.09,2023-11-28T05:00:00Z,148520,3.152502
3.29,3.3,3.1901,685,3.22,2023-11-29T05:00:00Z,106581,3.248888
3.16,3.33,3.06,864,3.25,2023-11-30T05:00:00Z,136612,3.174401
3.2,3.3189,3.15,789,3.3189,2023-12-01T05:00:00Z,89420,3.198759
3.22,3.23,3.09,1049,3.18,2023-12-04T05:00:00Z,169826,3.167315
3.18,3.27,3.11,904,3.23,2023-12-05T05:00:00Z,137308,3.208393
3.14,3.29,3.1,703,3.24,2023-12-06T05:00:00Z,75800,3.149011
3.14,3.23,3.08,738,3.16,2023-12-07T05:00:00Z,82352,3.157319
3.18,3.22,3.08,616,3.14,2023-12-08T05:00:00Z,92925,3.149159
2.92,3.16,2.9,1284,3.16,2023-12-11T05:00:00Z,477915,3.009185
2.88,2.9115,2.76,1525,2.91,2023-12-12T05:00:00Z,478462,2.847555
3.24,3.26,2.93,1674,2.97,2023-12-13T05:00:00Z,202092,3.099063
3.44,3.45,3.2,1642,3.33,2023-12-14T05:00:00Z,258805,3.335437
3.19,3.46,3.15,1847,3.46,2023-12-15T05:00:00Z,644968,3.209942
3.16,3.29,3.14,838,3.21,2023-12-18T05:00:00Z,117783,3.205086
3.345,3.37,3.1655,1244,3.21,2023-12-19T05:00:00Z,147679,3.307781
3.3,3.38,3.29,1078,3.35,2023-12-20T05:00:00Z,128936,3.323093
3.33,3.36,3.2501,790,3.33,2023-12-21T05:00:00Z,93570,3.316301
3.37,3.43,3.3312,970,3.39,2023-12-22T05:00:00Z,101154,3.373914
3.53,3.55,3.37,672,3.38,2023-12-26T05:00:00Z,71536,3.46901
3.46,3.55,3.31,898,3.45,2023-12-27T05:00:00Z,103426,3.460106
3.33,3.44,3.32,799,3.42,2023-12-28T05:00:00Z,133150,3.35727
3.17,3.32,3.15,845,3.31,2023-12-29T05:00:00Z,99184,3.222942
3.28,3.34,3.1701,1590,3.22,2024-01-02T05:00:00Z,150368,3.288101
3.17,3.38,3.13,1219,3.38,2024-01-03T05:00:00Z,157500,3.227736
3.26,3.27,3.05,1346,3.19,2024-01-04T05:00:00Z,128396,3.213759
3.4,3.4357,3.23,2536,3.24,2024-01-05T05:00:00Z,331548,3.34763
3.33,3.38,3.2,802,3.37,2024-01-08T05:00:00Z,103242,3.295449
3.39,3.41,3.24,755,3.27,2024-01-09T05:00:00Z,92682,3.365869
3.34,3.42,3.2501,604,3.42,2024-01-10T05:00:00Z,93771,3.365112
3.27,3.32,3.22,1054,3.255,2024-01-11T05:00:00Z,97112,3.261569
3.26,3.35,3.23,521,3.33,2024-01-12T05:00:00Z,66720,3.29608
3.04,3.26,3.02,678,3.26,2024-01-16T05:00:00Z,110457,3.148319
2.96,3.05,2.91,877,3.05,2024-01-17T05:00:00Z,126401,2.981263
2.97,3.0199,2.88,607,2.95,2024-01-18T05:00:00Z,73086,2.956256
3.06,3.06,2.97,776,3.01,2024-01-19T05:00:00Z,79871,3.026799
3.0,3.14,2.99,708,3.08,2024-01-22T05:00:00Z,119877,3.043273
3.03,3.06,2.96,1112,3.02,2024-01-23T05:00:00Z,146048,3.005089
2.98,3.1,2.97,712,3.1,2024-01-24T05:00:00Z,49740,2.996621
2.99,3.01,2.93,732,2.98,2024-01-25T05:00:00Z,114797,2.978647
3.0,3.04,2.96,581,3.0,2024-01-26T05:00:00Z,86195,3.003967
2.96,3.0,2.91,712,3.0,2024-01-29T05:00:00Z,64160,2.948004
2.96,3.0,2.9,701,2.91,2024-01-30T05:00:00Z,79161,2.973594
2.86,3.04,2.86,658,3.04,2024-01-31T05:00:00Z,87466,2.922949
2.97,3.0099,2.853,1038,2.86,2024-02-01T05:00:00Z,152845,2.964482
2.93,3.01,2.9,420,3.01,2024-02-02T05:00:00Z,42194,2.93024
2.88,2.98,2.84,697,2.98,2024-02-05T05:00:00Z,88267,2.906301
2.9,2.92,2.85,729,2.88,2024-02-06T05:00:00Z,64549,2.877223
2.83,2.9,2.82,751,2.9,2024-02-07T05:00:00Z,66587,2.835966
2.82,2.8435,2.7801,525,2.84,2024-02-08T05:00:00Z,99053,2.811836
2.78,2.85,2.75,831,2.85,2024-02-09T05:00:00Z,104426,2.796712
2.99,3.01,2.88,1110,2.91,2024-02-12T05:00:00Z,145516,2.967008
2.77,3.019,2.77,1112,2.99,2024-02-13T05:00:00Z,84196,2.825435
2.89,2.91,2.77,582,2.8,2024-02-14T05:00:00Z,78802,2.846942
3.02,3.02,2.88,885,2.88,2024-02-15T05:00:00Z,123290,2.991949
2.99,3.03,2.88,684,3.01,2024-02-16T05:00:00Z,85525,2.993724
2.93,3.0,2.85,708,3.0,2024-02-20T05:00:00Z,70317,2.931342
2.9,2.95,2.88,516,2.92,2024-02-21T05:00:00Z,44887,2.899482
2.83,2.88,2.81,709,2.88,2024-02-22T05:00:00Z,100018,2.850719
2.75,2.86,2.74,662,2.86,2024-02-23T05:00:00Z,101464,2.772713
2.74,2.77,2.7,525,2.75,2024-02-26T05:00:00Z,79909,2.732857
2.79,2.81,2.7,571,2.73,2024-02-27T05:00:00Z,64235,2.760336
2.79,2.89,2.69,1019,2.85,2024-02-28T05:00:00Z,160185,2.812749
2.89,3.06,2.87,875,2.91,2024-02-29T05:00:00Z,124009,2.928115
3.06,3.06,2.8873,1346,2.96,2024-03-01T05:00:00Z,159832,2.994881
3.5,3.565,3.15,2413,3.15,2024-03-04T05:00:00Z,461513,3.387481
3.7,3.94,3.6781,1583,3.85,2024-03-05T05:00:00Z,239168,3.78026
3.68,3.89,3.66,1144,3.73,2024-03-06T05:00:00Z,174019,3.779869
3.79,3.89,3.68,1065,3.86,2024-03-07T05:00:00Z,216304,3.78418
3.81,3.95,3.7,1722,3.95,2024-03-08T05:00:00Z,267113,3.817392
3.81,3.96,3.79,1411,3.81,2024-03-11T04:00:00Z,206166,3.87142
3.93,3.98,3.72,3733,3.78,2024-03-12T04:00:00Z,436771,3.896314
4.16,4.18,3.93,4654,3.95,2024-03-13T04:00:00Z,770358,4.096288
3.95,4.29,3.86,3326,4.21,2024-03-14T04:00:00Z,380254,3.963343
4.0,4.1799,3.88,1650,3.94,2024-03-15T04:00:00Z,343164,3.982241
3.94,4.09,3.782,3172,3.98,2024-03-18T04:00:00Z,410023,3.918017
3.97,4.0,3.85,1238,3.89,2024-03-19T04:00:00Z,174641,3.915905
4.07,4.1,3.88,901,3.95,2024-03-20T04:00:00Z,96019,4.000172
4.15,4.1916,4.045,959,4.11,2024-03-21T04:00:00Z,109564,4.14688
4.12,4.24,4.1,858,4.14,2024-03-22T04:00:00Z,55553,4.158872
4.12,4.24,4.1,760,4.16,2024-03-25T04:00:00Z,74046,4.177399
4.05,4.24,4.03,1061,4.18,2024-03-26T04:00:00Z,115798,4.104453
4.14,4.19,4.02,830,4.04,2024-03-27T04:00:00Z,92593,4.121357
4.16,4.27,4.07,1886,4.22,2024-03-28T04:00:00Z,226053,4.177709
4.39,4.41,4.16,1056,4.23,2024-04-01T04:00:00Z,105759,4.287592
4.5,4.55,4.33,1770,4.52,2024-04-02T04:00:00Z,172822,4.470384
4.89,4.98,4.13,2239,4.5,2024-04-03T04:00:00Z,324087,4.716275
4.77,4.98,4.76,1668,4.96,2024-04-04T04:00:00Z,191096,4.880281
4.76,4.87,4.65,1101,4.87,2024-04-05T04:00:00Z,182556,4.778632
6.29,6.47,5.07,8769,5.18,2024-04-08T04:00:00Z,1223847,5.855473
6.5,6.91,6.35,4685,6.47,2024-04-09T04:00:00Z,588324,6.608294
6.44,6.52,6.2659,3453,6.36,2024-04-10T04:00:00Z,361682,6.422399
6.255,6.49,5.98,2819,6.49,2024-04-11T04:00:00Z,266637,6.162706
5.92,6.39,5.68,3129,6.32,2024-04-12T04:00:00Z,304999,5.976375
6.15,6.2,5.68,3071,5.85,2024-04-15T04:00:00Z,343595,5.982135
6.2,6.27,5.92,2028,6.1,2024-04-16T04:00:00Z,202300,6.116373
6.14,6.4,6.06,2098,6.21,2024-04-17T04:00:00Z,212815,6.218069
6.13,6.2,5.88,2095,6.2,2024-04-18T04:00:00Z,192318,6.075623
6.16,6.24,5.895,1669,6.07,2024-04-19T04:00:00Z,142902,6.05609
6.33,6.38,6.004,2721,6.09,2024-04-22T04:00:00Z,218704,6.232348
6.27,6.4,6.12,2210,6.25,2024-04-23T04:00:00Z,206572,6.232027
5.96,6.25,5.95,1586,6.25,2024-04-24T04:00:00Z,184947,6.045184
5.72,6.09,5.7,2452,5.96,2024-04-25T04:00:00Z,342258,5.870882
5.78,5.945,5.72,1062,5.81,2024-04-26T04:00:00Z,107049,5.80907
5.66,5.8437,5.54,1452,5.79,2024-04-29T04:00:00Z,153841,5.658061
5.46,5.61,5.39,2082,5.52,2024-04-30T04:00:00Z,208580,5.47754
5.26,5.5216,5.23,1383,5.47,2024-05-01T04:00:00Z,104670,5.326582
5.13,5.27,5.09,1698,5.22,2024-05-02T04:00:00Z,205032,5.154864
5.19,5.31,5.0,1714,5.22,2024-05-03T04:00:00Z,150419,5.173435
5.01,5.33,5.005,2047,5.17,2024-05-06T04:00:00Z,185606,5.136436
5.01,5.07,4.96,2121,5.0,2024-05-07T04:00:00Z,144043,5.012606
5.26,5.4,4.9803,1632,5.01,2024-05-08T04:00:00Z,133733,5.248161
5.45,5.47,5.2819,1325,5.3,2024-05-09T04:00:00Z,86613,5.403891
5.46,5.62,5.34,1301,5.5,2024-05-10T04:00:00Z,78276,5.451983
5.46,5.5878,5.27,1173,5.5,2024-05-13T04:00:00Z,109405,5.424943
5.55,5.82,5.45,1977,5.5,2024-05-14T04:00:00Z,174624,5.644448
5.63,5.76,5.43,1699,5.66,2024-05-15T04:00:00Z,149008,5.633699
5.69,5.76,5.5001,1273,5.59,2024-05-16T04:00:00Z,87782,5.685352
5.64,5.8801,5.61,1489,5.84,2024-05-17T04:00:00Z,174007,5.73108
6.08,6.135,5.65,1473,5.72,2024-05-20T04:00:00Z,138389,5.928706
6.32,6.34,5.96,2264,6.01,2024-05-21T04:00:00Z,190656,6.180698
6.12,6.29,6.1195,1531,6.29,2024-05-22T04:00:00Z,116416,6.187941
5.87,6.12,5.8,1744,6.12,2024-05-23T04:00:00Z,157170,5.914039
5.99,5.99,5.85,915,5.85,2024-05-24T04:00:00Z,56710,5.961179
6.28,6.28,6.06,1571,6.1,2024-05-28T04:00:00Z,137315,6.207386
6.14,6.27,6.1,1093,6.27,2024-05-29T04:00:00Z,59683,6.160474
6.34,6.48,6.2,1392,6.22,2024-05-30T04:00:00Z,152831,6.382556
6.84,6.84,6.38,2062,6.39,2024-05-31T04:00:00Z,291056,6.648407
6.88,7.13,6.6987,2254,6.91,2024-06-03T04:00:00Z,304566,6.901605
6.77,6.85,6.51,2851,6.85,2024-06-04T04:00:00Z,304466,6.678545
6.76,6.8744,6.6246,1877,6.77,2024-06-05T04:00:00Z,143378,6.761878
6.885,6.97,6.61,2464,6.77,2024-06-06T04:00:00Z,215345,6.876291
6.62,6.82,6.5601,2846,6.7,2024-06-07T04:00:00Z,326058,6.671997
6.79,6.83,6.47,2184,6.6,2024-06-10T04:00:00Z,197461,6.720423
6.79,6.79,6.61,1483,6.79,2024-06-11T04:00:00Z,100628,6.726872
6.77,7.0,6.75,2120,6.88,2024-06-12T04:00:00Z,143892,6.865275
6.68,6.7724,6.6178,1367,6.77,2024-06-13T04:00:00Z,129049,6.66993
6.64,6.68,6.6,1654,6.66,2024-06-14T04:00:00Z,85396,6.648373
6.75,6.83,6.63,1584,6.67,2024-06-17T04:00:00Z,113268,6.749026
6.85,6.9618,6.75,2029,6.76,2024-06-18T04:00:00Z,145401,6.871732
6.83,6.92,6.715,1593,6.85,2024-06-20T04:00:00Z,209945,6.825097
6.57,6.81,6.5,1936,6.81,2024-06-21T04:00:00Z,236493,6.640284
6.4,6.75,6.38,1643,6.55,2024-06-24T04:00:00Z,148946,6.536817
5.57,6.46,5.57,4336,6.46,2024-06-25T04:00:00Z,341515,5.848829
5.305,5.5,5.02,3224,5.5,2024-06-26T04:00:00Z,314091,5.251004
5.05,5.36,5.02,2438,5.25,2024-06-27T04:00:00Z,225424,5.136471
5.2,5.28,5.01,2713,5.14,2024-06-28T04:00:00Z,661749,5.172373
5.11,5.277,5.088,1777,5.16,2024-07-01T04:00:00Z,140030,5.157996
5.2,5.41,5.12,1765,5.12,2024-07-02T04:00:00Z,135389,5.226169
5.27,5.48,5.25,776,5.28,2024-07-03T04:00:00Z,67240,5.327601
5.375,5.5598,5.23,1387,5.37,2024-07-05T04:00:00Z,124713,5.413786
5.34,5.44,5.3,1780,5.36,2024-07-08T04:00:00Z,123279,5.337885
5.23,5.4873,5.22,758,5.36,2024-07-09T04:00:00Z,53121,5.312435
5.37,5.37,5.19,1097,5.28,2024-07-10T04:00:00Z,101202,5.283555
5.81,5.84,5.345,2335,5.47,2024-07-11T04:00:00Z,201153,5.709285
5.81,6.06,5.75,2746,5.78,2024-07-12T04:00:00Z,260610,5.860447
6.5,6.5,5.8,2653,5.87,2024-07-15T04:00:00Z,269074,6.22386
6.895,6.92,6.54,3390,6.61,2024-07-16T04:00:00Z,297050,6.775607
6.6,6.97,6.51,2872,6.89,2024-07-17T04:00:00Z,232494,6.727201
6.72,6.9199,6.5,2318,6.54,2024-07-18T04:00:00Z,165503,6.750955
6.41,6.95,6.41,1647,6.67,2024-07-19T04:00:00Z,152909,6.611175
6.55,6.59,6.2,1284,6.38,2024-07-22T04:00:00Z,94745,6.483383
6.74,6.74,6.452,1556,6.6,2024-07-23T04:00:00Z,109040,6.648124
6.61,6.99,6.58,1651,6.74,2024-07-24T04:00:00Z,123802,6.752389
6.35,6.61,6.35,1176,6.56,2024-07-25T04:00:00Z,135321,6.414055
6.71,6.72,6.48,867,6.51,2024-07-26T04:00:00Z,88245,6.634867
6.45,6.76,6.3,1473,6.71,2024-07-29T04:00:00Z,190050,6.429568
6.51,6.56,6.23,1205,6.56,2024-07-30T04:00:00Z,117452,6.434821
6.79,6.9,6.55,1337,6.55,2024-07-31T04:00:00Z,133747,6.737831
6.3,6.74,6.2,1727,6.7,2024-08-01T04:00:00Z,162737,6.371017
5.86,6.3,5.832,1705,6.07,2024-08-02T04:00:00Z,143291,6.008956
5.58,5.71,5.25,3069,5.46,2024-08-05T04:00:00Z,364158,5.536929
5.73,5.948,5.48,1795,5.6,2024-08-06T04:00:00Z,149802,5.740303
5.57,5.88,5.53,1539,5.84,2024-08-07T04:00:00Z,148354,5.591107
5.825,5.9693,5.57,1316,5.62,2024-08-08T04:00:00Z,76617,5.839535
5.8,5.915,5.71,1267,5.8,2024-08-09T04:00:00Z,114822,5.808429
6.31,6.36,5.87,1574,5.87,2024-08-12T04:00:00Z,161472,6.201578
6.58,6.75,6.3,1665,6.34,2024-08-13T04:00:00Z,154358,6.565835
6.62,6.69,6.0,1888,6.58,2024-08-14T04:00:00Z,2006846,6.040008
8.19,8.34,6.7,9558,6.77,2024-08-15T04:00:00Z,1374333,7.897939
8.325,8.59,8.01,6306,8.45,2024-08-16T04:00:00Z,536807,8.289336
9.01,9.04,8.32,6990,8.4,2024-08-19T04:00:00Z,747702,8.74646
9.07,9.28,8.92,4943,9.22,2024-08-20T04:00:00Z,474332,9.079083
8.78,9.19,8.48,4207,9.1,2024-08-21T04:00:00Z,399929,8.758594
8.64,8.8,8.42,3335,8.77,2024-08-22T04:00:00Z,279434,8.586901
8.79,9.01,8.7,3523,8.85,2024-08-23T04:00:00Z,212720,8.87018
8.96,9.1,8.79,4112,8.93,2024-08-26T04:00:00Z,291031,8.957562
8.74,9.02,8.58,2851,9.0,2024-08-27T04:00:00Z,184856,8.737992
8.38,8.71,8.28,2837,8.69,2024-08-28T04:00:00Z,253898,8.410696
8.77,8.81,8.28,4432,8.39,2024-08-29T04:00:00Z,234183,8.600771
8.9,9.03,8.6,2881,8.77,2024-08-30T04:00:00Z,142334,8.84564
7.86,8.77,7.81,4044,8.77,2024-09-03T04:00:00Z,359331,8.077611
8.09,8.17,7.61,2087,7.78,2024-09-04T04:00:00Z,192783,7.975992
9.02,9.7,8.7,13092,8.9,2024-09-05T04:00:00Z,1472237,9.138154
8.53,9.5,8.4,7131,9.3,2024-09-06T04:00:00Z,606201,8.752599
8.62,8.84,8.52,4668,8.58,2024-09-09T04:00:00Z,298239,8.644197
8.31,8.68,8.23,3637,8.65,2024-09-10T04:00:00Z,281374,8.35189
8.54,8.635,8.1801,2455,8.31,2024-09-11T04:00:00Z,156544,8.483233
8.71,9.09,8.65,4022,8.7,2024-09-12T04:00:00Z,401373,8.859517
9.0,9.05,8.79,8249,8.82,2024-09-13T04:00:00Z,797142,8.968042
8.96,9.479,8.84,6004,9.21,2024-09-16T04:00:00Z,572988,9.100218
8.885,9.31,8.82,5130,9.0,2024-09-17T04:00:00Z,486015,9.022767
8.57,9.08,8.52,4295,8.88,2024-09-18T04:00:00Z,379355,8.810464
8.6,8.84,8.4401,4124,8.84,2024-09-19T04:00:00Z,268074,8.635087
8.76,8.83,8.57,3417,8.65,2024-09-20T04:00:00Z,467549,8.726647
8.66,8.75,8.4,3434,8.74,2024-09-23T04:00:00Z,320463,8.579877
8.77,8.875,8.52,5505,8.56,2024-09-24T04:00:00Z,408303,8.746535
9.055,9.31,8.73,5777,8.8,2024-09-25T04:00:00Z,2239232,9.002913
10.14,10.19,9.1,9333,9.2,2024-09-26T04:00:00Z,1756682,9.832976
9.53,10.15,9.45,6014,10.09,2024-09-27T04:00:00Z,675235,9.740041
9.35,9.54,9.2,3797,9.39,2024-09-30T04:00:00Z,335224,9.33655
9.26,10.03,9.15,5495,9.61,2024-10-01T04:00:00Z,446124,9.508843
9.16,9.47,9.07,3428,9.18,2024-10-02T04:00:00Z,254525,9.215506
9.14,9.21,8.8247,3585,9.01,2024-10-03T04:00:00Z,328899,9.036472
9.115,9.61,9.01,3604,9.2,2024-10-04T04:00:00Z,247618,9.177221
9.08,9.3599,9.0,3501,9.28,2024-10-07T04:00:00Z,262822,9.158407
8.89,9.14,8.6711,3706,8.99,2024-10-08T04:00:00Z,271386,8.822702
8.96,8.97,8.59,2845,8.81,2024-10-09T04:00:00Z,201995,8.807385
9.355,9.4,8.81,4241,8.95,2024-10-10T04:00:00Z,363905,9.15767
9.49,9.72,9.27,3485,9.36,2024-10-11T04:00:00Z,271504,9.469216
9.3,9.51,9.145,2332,9.49,2024-10-14T04:00:00Z,152681,9.308558
9.69,9.7399,9.19,3501,9.31,2024-10-15T04:00:00Z,314712,9.544458
9.82,10.0497,9.56,2971,9.56,2024-10-16T04:00:00Z,311314,9.876716
9.83,9.97,9.5,2689,9.9,2024-10-17T04:00:00Z,160066,9.754784
10.13,10.45,9.9,3946,9.9,2024-10-18T04:00:00Z,442928,10.114097
10.38,10.68,10.15,3835,10.19,2024-10-21T04:00:00Z,351030,10.447413
10.69,10.71,10.33,3818,10.5,2024-10-22T04:00:00Z,307618,10.593456
10.16,10.72,10.0176,3841,10.69,2024-10-23T04:00:00Z,303469,10.269255
9.9,10.285,9.67,4331,10.25,2024-10-24T04:00:00Z,331265,9.896781
9.615,9.89,9.51,4111,9.89,2024-10-25T04:00:00Z,250170,9.665316
9.78,9.85,9.58,2818,9.58,2024-10-28T04:00:00Z,165979,9.724328
10.38,10.39,9.86,3518,9.86,2024-10-29T04:00:00Z,282851,10.134044
10.21,10.38,10.075,2949,10.38,2024-10-30T04:00:00Z,202002,10.2252
10.225,10.3,9.785,3639,10.17,2024-10-31T04:00:00Z,329242,10.041444
9.895,10.4,9.74,4774,10.31,2024-11-01T04:00:00Z,269517,9.983367
9.77,10.02,9.69,4008,9.89,2024-11-04T05:00:00Z,209270,9.821877
9.66,10.0,9.6,3360,9.91,2024-11-05T05:00:00Z,185458,9.707503
10.06,10.1,8.88,7195,9.38,2024-11-06T05:00:00Z,581222,9.596165
10.45,10.58,9.76,5323,10.17,2024-11-07T05:00:00Z,439989,10.304457
9.47,10.43,9.41,5721,10.4,2024-11-08T05:00:00Z,620339,9.841984
8.87,9.24,8.71,5620,9.18,2024-11-11T05:00:00Z,465643,8.93969
8.985,9.08,8.6,4420,8.75,2024-11-12T05:00:00Z,308670,8.920196
8.86,9.64,8.82,8467,9.07,2024-11-13T05:00:00Z,594451,9.085708
9.1,9.22,8.67,4243,8.86,2024-11-14T05:00:00Z,268846,9.000702
10.6,10.75,9.21,9674,9.43,2024-11-15T05:00:00Z,924385,10.198207
9.57,10.12,9.3531,13771,10.0,2024-11-18T05:00:00Z,1470883,9.727765
9.88,9.91,9.5125,7269,9.7,2024-11-19T05:00:00Z,587856,9.802779
9.63,9.92,9.4633,4978,9.83,2024-11-20T05:00:00Z,342878,9.631134
9.8,9.9,9.54,4979,9.7,2024-11-21T05:00:00Z,442181,9.775794
9.88,9.97,9.7,5476,9.85,2024-11-22T05:00:00Z,389447,9.89991
9.36,9.66,9.32,5824,9.64,2024-11-25T05:00:00Z,554007,9.417981
9.41,9.5,9.3068,4138,9.35,2024-11-26T05:00:00Z,277426,9.402087
9.755,9.77,9.46,4742,9.54,2024-11-27T05:00:00Z,400251,9.669645
9.53,9.96,9.51,2740,9.78,2024-11-29T05:00:00Z,240804,9.686845
9.03,9.5728,8.8,6262,9.51,2024-12-02T05:00:00Z,608337,9.081512
10.59,10.89,9.5701,16915,10.005,2024-12-03T05:00:00Z,2122307,10.194719
10.79,11.56,10.63,12925,10.86,2024-12-04T05:00:00Z,1514534,11.122765
11.51,11.58,10.62,11703,11.14,2024-12-05T05:00:00Z,1147855,11.111208
12.24,12.71,11.5,15267,11.65,2024-12-06T05:00:00Z,1775522,12.203083
12.19,13.18,11.98,14746,13.1,2024-12-09T05:00:00Z,1502938,12.526552
12.18,12.44,11.76,6909,12.15,2024-12-10T05:00:00Z,611343,12.083549
12.8,12.96,12.22,10333,12.33,2024-12-11T05:00:00Z,906163,12.714817
11.81,12.66,11.78,8739,12.66,2024-12-12T05:00:00Z,599855,12.147348
11.91,11.975,11.2565,10331,11.8,2024-12-13T05:00:00Z,828418,11.619851
12.39,12.4768,11.76,11361,12.05,2024-12-16T05:00:00Z,822759,12.300544
12.46,12.62,11.91,9862,12.16,2024-12-17T05:00:00Z,823352,12.390486
11.67,12.81,11.57,9542,12.38,2024-12-18T05:00:00Z,980370,12.267323
11.78,12.145,11.51,9651,11.81,2024-12-19T05:00:00Z,846852,11.793995
12.33,12.66,11.65,10003,11.65,2024-12-20T05:00:00Z,2671867,12.338801
10.68,12.37,10.29,13828,12.32,2024-12-23T05:00:00Z,1579174,10.910591
11.47,11.55,10.7181,6354,10.92,2024-12-24T05:00:00Z,609502,11.195654
11.21,11.505,10.91,7610,11.43,2024-12-26T05:00:00Z,644866,11.12638
11.2,11.23,10.74,8984,11.11,2024-12-27T05:00:00Z,582999,11.026204
10.58,11.21,10.56,6539,11.19,2024-12-30T05:00:00Z,691160,10.785694
10.67,10.79,10.4555,5433,10.5,2024-12-31T05:00:00Z,399958,10.61787
11.05,11.44,10.81,6659,10.81,2025-01-02T05:00:00Z,439119,11.072654
