c,h,l,n,o,t,v,vw
19.96,20.46,19.76,299,20.28,2016-01-04T05:00:00Z,33977,19.95
20.02,20.15,19.86,95,20.02,2016-01-05T05:00:00Z,7616,19.98
20.0,20.09,19.77,111,19.82,2016-01-06T05:00:00Z,13288,19.94
19.5,19.85,19.48,175,19.85,2016-01-07T05:00:00Z,18218,19.57
19.46,19.87,19.46,187,19.61,2016-01-08T05:00:00Z,19270,19.55
19.35,19.51,19.3,163,19.49,2016-01-11T05:00:00Z,14152,19.38
19.39,19.54,19.29,266,19.54,2016-01-12T05:00:00Z,30547,19.36
18.9,19.45,18.77,217,19.45,2016-01-13T05:00:00Z,25774,18.98
18.89,19.0,18.57,378,18.85,2016-01-14T05:00:00Z,38718,18.84
18.49,19.0,18.32,211,18.35,2016-01-15T05:00:00Z,26378,18.48
18.46,18.75,18.26,179,18.75,2016-01-19T05:00:00Z,42467,18.53
18.42,18.6,17.91,369,18.25,2016-01-20T05:00:00Z,31422,18.25
18.32,18.47,18.01,262,18.41,2016-01-21T05:00:00Z,27856,18.31
18.5,18.5,18.29,267,18.45,2016-01-22T05:00:00Z,23324,18.46
18.49,18.6,18.28,161,18.47,2016-01-25T05:00:00Z,19424,18.47
19.62,19.7,18.63,317,18.63,2016-01-26T05:00:00Z,29955,19.39
19.49,19.8,19.41,263,19.62,2016-01-27T05:00:00Z,26136,19.6
19.71,19.85,19.58,300,19.62,2016-01-28T05:00:00Z,27108,19.73
20.79,20.79,19.8,317,19.8,2016-01-29T05:00:00Z,45473,20.55
20.65,20.77,20.49,277,20.64,2016-02-01T05:00:00Z,27305,20.68
20.61,20.65,20.3,200,20.45,2016-02-02T05:00:00Z,24272,20.57
20.56,20.63,20.37,258,20.58,2016-02-03T05:00:00Z,22463,20.54
20.44,20.66,20.19,225,20.56,2016-02-04T05:00:00Z,13046,20.52
20.02,20.55,19.98,232,20.44,2016-02-05T05:00:00Z,35718,20.11
20.12,20.18,19.8,249,19.95,2016-02-08T05:00:00Z,23267,20.01
19.97,20.07,19.79,268,19.98,2016-02-09T05:00:00Z,27458,19.99
19.92,20.24,19.83,222,20.15,2016-02-10T05:00:00Z,18290,20.03
19.64,19.87,19.2,168,19.59,2016-02-11T05:00:00Z,13399,19.61
20.03,20.16,19.6,156,19.91,2016-02-12T05:00:00Z,14399,20.0
20.08,20.36,19.96,286,20.05,2016-02-16T05:00:00Z,39870,20.12
19.93,20.38,19.79,110,20.19,2016-02-17T05:00:00Z,19337,19.96
19.56,20.19,19.48,148,19.91,2016-02-18T05:00:00Z,10307,19.69
19.52,19.78,19.28,197,19.53,2016-02-19T05:00:00Z,26415,19.55
19.84,20.03,19.38,218,19.59,2016-02-22T05:00:00Z,24961,19.82
19.77,19.85,19.5,354,19.63,2016-02-23T05:00:00Z,42885,19.73
19.96,19.99,19.61,121,19.64,2016-02-24T05:00:00Z,12184,19.85
20.04,20.05,19.84,69,19.97,2016-02-25T05:00:00Z,6259,20.0
20.0,20.33,19.88,233,20.08,2016-02-26T05:00:00Z,22260,20.03
19.94,20.08,19.9,324,19.92,2016-02-29T05:00:00Z,43806,20.01
20.24,20.24,20.01,346,20.01,2016-03-01T05:00:00Z,28582,20.18
20.29,20.29,20.18,443,20.24,2016-03-02T05:00:00Z,32084,20.25
20.23,20.3,20.17,373,20.26,2016-03-03T05:00:00Z,44228,20.25
19.88,20.3,19.77,349,20.19,2016-03-04T05:00:00Z,37086,20.12
19.89,20.18,19.81,450,19.81,2016-03-07T05:00:00Z,30144,19.91
19.71,19.95,19.67,243,19.83,2016-03-08T05:00:00Z,24049,19.75
19.77,19.81,19.38,280,19.77,2016-03-09T05:00:00Z,27223,19.69
19.63,19.8,19.4,249,19.75,2016-03-10T05:00:00Z,21781,19.6
19.89,19.89,19.56,363,19.7,2016-03-11T05:00:00Z,42970,19.85
19.67,19.88,19.56,291,19.88,2016-03-14T04:00:00Z,21615,19.71
19.77,19.89,19.59,220,19.6,2016-03-15T04:00:00Z,20037,19.75
19.55,19.99,19.41,277,19.73,2016-03-16T04:00:00Z,23702,19.65
19.83,19.89,19.11,309,19.42,2016-03-17T04:00:00Z,21511,19.76
19.84,20.09,19.45,480,19.91,2016-03-18T04:00:00Z,125910,19.89
19.45,19.86,19.4,518,19.81,2016-03-21T04:00:00Z,49036,19.51
19.4,19.44,19.3,205,19.44,2016-03-22T04:00:00Z,24088,19.38
19.73,19.81,19.23,334,19.38,2016-03-23T04:00:00Z,28392,19.58
19.97,20.0,19.59,259,19.7,2016-03-24T04:00:00Z,14860,19.87
19.97,20.01,19.84,205,19.97,2016-03-28T04:00:00Z,22503,19.95
20.25,20.3,19.61,256,19.88,2016-03-29T04:00:00Z,28336,20.1
20.59,20.78,20.16,383,20.36,2016-03-30T04:00:00Z,32261,20.45
20.27,20.6,20.21,277,20.6,2016-03-31T04:00:00Z,28397,20.33
20.37,20.53,19.79,176,20.16,2016-04-01T04:00:00Z,16670,20.33
20.12,20.33,20.07,167,20.33,2016-04-04T04:00:00Z,11967,20.15
19.97,20.05,19.83,237,20.0,2016-04-05T04:00:00Z,24127,19.98
19.91,19.94,19.6,175,19.91,2016-04-06T04:00:00Z,16674,19.84
19.37,19.74,19.26,242,19.71,2016-04-07T04:00:00Z,24564,19.5
19.5,19.67,19.38,130,19.45,2016-04-08T04:00:00Z,10799,19.49
19.48,19.92,19.46,202,19.55,2016-04-11T04:00:00Z,12927,19.67
19.95,20.05,19.42,178,19.42,2016-04-12T04:00:00Z,14134,19.89
20.24,20.35,20.01,256,20.18,2016-04-13T04:00:00Z,24426,20.21
20.39,20.56,20.28,391,20.36,2016-04-14T04:00:00Z,22936,20.43
20.6,21.01,20.33,291,20.33,2016-04-15T04:00:00Z,32369,20.58
20.63,20.79,20.34,238,20.79,2016-04-18T04:00:00Z,16547,20.54
20.53,20.79,20.05,234,20.57,2016-04-19T04:00:00Z,16715,20.38
20.36,20.72,20.35,266,20.52,2016-04-20T04:00:00Z,28372,20.5
20.51,20.98,20.42,394,20.43,2016-04-21T04:00:00Z,34715,20.5
20.78,20.85,20.44,143,20.44,2016-04-22T04:00:00Z,11117,20.72
20.9,20.93,20.68,196,20.79,2016-04-25T04:00:00Z,11295,20.85
21.59,21.7,21.02,244,21.04,2016-04-26T04:00:00Z,21334,21.46
21.43,21.93,20.78,207,21.67,2016-04-27T04:00:00Z,19739,21.3
20.9,21.35,20.58,368,20.58,2016-04-28T04:00:00Z,39207,20.86
21.43,21.53,20.43,389,20.74,2016-04-29T04:00:00Z,40137,21.35
21.89,21.89,21.46,334,21.59,2016-05-02T04:00:00Z,20648,21.77
21.64,21.81,21.45,266,21.66,2016-05-03T04:00:00Z,29621,21.61
21.44,21.6,21.34,254,21.6,2016-05-04T04:00:00Z,26500,21.44
21.44,21.51,21.34,212,21.48,2016-05-05T04:00:00Z,19953,21.43
21.47,21.52,21.15,176,21.38,2016-05-06T04:00:00Z,19454,21.4
21.3,21.48,21.05,168,21.34,2016-05-09T04:00:00Z,19614,21.38
21.51,21.58,21.32,235,21.47,2016-05-10T04:00:00Z,14626,21.49
21.33,21.71,21.15,224,21.15,2016-05-11T04:00:00Z,21613,21.42
21.22,21.39,21.08,253,21.39,2016-05-12T04:00:00Z,20861,21.25
20.99,21.3,20.86,216,21.26,2016-05-13T04:00:00Z,20400,21.08
21.27,21.39,20.95,329,20.95,2016-05-16T04:00:00Z,28120,21.17
20.74,21.28,20.45,263,21.28,2016-05-17T04:00:00Z,22926,20.86
21.47,21.56,20.69,292,20.69,2016-05-18T04:00:00Z,27980,21.28
21.31,21.48,20.93,283,21.34,2016-05-19T04:00:00Z,22193,21.26
21.59,21.85,21.45,110,21.45,2016-05-20T04:00:00Z,15394,21.6
21.92,21.99,21.48,327,21.72,2016-05-23T04:00:00Z,38424,21.79
21.87,21.89,21.59,248,21.89,2016-05-24T04:00:00Z,30054,21.86
21.92,22.14,21.74,316,21.97,2016-05-25T04:00:00Z,29197,21.97
21.9,21.99,21.59,268,21.62,2016-05-26T04:00:00Z,23376,21.79
21.96,22.31,21.76,141,21.77,2016-05-27T04:00:00Z,13743,21.93
21.76,22.08,21.59,313,21.92,2016-05-31T04:00:00Z,26588,21.83
21.85,22.0,21.46,177,21.52,2016-06-01T04:00:00Z,15445,21.83
21.73,21.9,21.41,209,21.41,2016-06-02T04:00:00Z,21349,21.67
21.11,21.59,20.88,365,21.59,2016-06-03T04:00:00Z,38171,21.15
21.85,21.86,21.09,256,21.19,2016-06-06T04:00:00Z,25635,21.61
21.97,22.15,21.52,246,21.66,2016-06-07T04:00:00Z,23710,21.84
21.73,21.93,21.59,267,21.67,2016-06-08T04:00:00Z,26240,21.78
21.66,21.71,21.06,323,21.06,2016-06-09T04:00:00Z,31529,21.56
21.58,21.69,21.21,126,21.59,2016-06-10T04:00:00Z,11995,21.57
21.19,21.47,21.08,140,21.32,2016-06-13T04:00:00Z,14194,21.19
21.17,21.64,20.9,153,20.9,2016-06-14T04:00:00Z,14478,21.2
21.31,21.87,21.27,241,21.31,2016-06-15T04:00:00Z,26532,21.52
21.11,21.24,20.8,119,21.24,2016-06-16T04:00:00Z,9735,21.05
21.23,21.33,20.85,130,21.18,2016-06-17T04:00:00Z,63893,21.18
21.67,21.71,21.3,229,21.71,2016-06-20T04:00:00Z,22492,21.61
21.66,21.74,21.47,121,21.47,2016-06-21T04:00:00Z,7580,21.66
21.71,21.98,21.68,133,21.77,2016-06-22T04:00:00Z,11664,21.79
22.28,22.3,21.97,158,21.97,2016-06-23T04:00:00Z,16611,22.23
21.3,21.65,20.99,327,21.5,2016-06-24T04:00:00Z,61203,21.31
21.1,21.33,21.07,295,21.08,2016-06-27T04:00:00Z,27384,21.14
20.96,21.44,20.9,272,21.33,2016-06-28T04:00:00Z,22745,21.04
21.12,21.44,21.06,317,21.2,2016-06-29T04:00:00Z,18089,21.16
21.85,21.86,21.14,139,21.33,2016-06-30T04:00:00Z,18106,21.7
21.56,21.94,21.53,157,21.73,2016-07-01T04:00:00Z,15084,21.69
21.46,21.85,21.41,198,21.6,2016-07-05T04:00:00Z,19034,21.56
21.65,21.82,21.38,164,21.38,2016-07-06T04:00:00Z,12388,21.58
21.79,21.88,21.66,136,21.79,2016-07-07T04:00:00Z,9529,21.75
22.49,22.52,21.65,154,21.89,2016-07-08T04:00:00Z,18839,22.32
22.55,22.72,22.23,178,22.53,2016-07-11T04:00:00Z,19134,22.52
23.18,23.51,22.47,264,22.47,2016-07-12T04:00:00Z,27166,23.18
23.03,23.24,22.89,148,23.24,2016-07-13T04:00:00Z,15921,23.03
23.11,23.54,23.0,263,23.09,2016-07-14T04:00:00Z,19412,23.27
23.59,23.64,22.95,273,23.33,2016-07-15T04:00:00Z,30896,23.38
23.67,23.71,23.43,151,23.49,2016-07-18T04:00:00Z,13870,23.62
23.62,23.72,23.53,128,23.69,2016-07-19T04:00:00Z,14557,23.61
23.68,23.72,23.34,166,23.45,2016-07-20T04:00:00Z,16011,23.65
23.53,23.62,23.53,92,23.53,2016-07-21T04:00:00Z,4762,23.54
23.71,23.72,23.6,109,23.63,2016-07-22T04:00:00Z,10849,23.66
23.68,23.7,23.56,68,23.56,2016-07-25T04:00:00Z,3773,23.65
23.7,23.72,23.54,180,23.54,2016-07-26T04:00:00Z,10757,23.66
23.71,23.72,23.58,251,23.72,2016-07-27T04:00:00Z,14898,23.69
23.62,23.71,23.45,101,23.7,2016-07-28T04:00:00Z,6700,23.56
23.57,23.69,23.49,119,23.54,2016-07-29T04:00:00Z,13134,23.58
23.32,23.63,23.24,222,23.57,2016-08-01T04:00:00Z,14762,23.34
23.68,23.72,23.27,208,23.27,2016-08-02T04:00:00Z,27280,23.66
24.15,24.24,23.68,293,23.72,2016-08-03T04:00:00Z,31850,23.88
24.15,24.31,24.13,224,24.14,2016-08-04T04:00:00Z,16027,24.2
24.36,24.51,24.08,498,24.32,2016-08-05T04:00:00Z,53708,24.32
24.62,24.84,24.25,203,24.5,2016-08-08T04:00:00Z,12839,24.63
24.66,24.75,24.57,307,24.75,2016-08-09T04:00:00Z,27084,24.63
24.47,24.67,24.32,143,24.51,2016-08-10T04:00:00Z,9878,24.48
24.59,24.63,24.53,189,24.54,2016-08-11T04:00:00Z,17501,24.59
24.4,24.59,23.8,285,24.48,2016-08-12T04:00:00Z,29876,24.27
24.51,24.59,24.49,224,24.59,2016-08-15T04:00:00Z,8180,24.53
24.34,24.51,23.95,185,24.51,2016-08-16T04:00:00Z,14386,24.31
24.28,24.43,24.02,177,24.36,2016-08-17T04:00:00Z,25491,24.23
24.52,24.59,24.25,117,24.25,2016-08-18T04:00:00Z,10936,24.51
24.38,24.59,24.28,86,24.55,2016-08-19T04:00:00Z,18103,24.46
24.53,24.55,24.33,116,24.39,2016-08-22T04:00:00Z,10937,24.48
25.01,25.24,24.52,180,24.73,2016-08-23T04:00:00Z,18554,25.01
25.06,25.83,24.92,263,25.14,2016-08-24T04:00:00Z,28247,25.1
25.1,25.17,25.0,114,25.04,2016-08-25T04:00:00Z,10115,25.09
25.07,25.32,24.89,114,25.32,2016-08-26T04:00:00Z,18378,25.08
25.06,25.07,24.87,113,25.04,2016-08-29T04:00:00Z,9008,25.05
25.14,25.14,24.87,171,25.04,2016-08-30T04:00:00Z,15162,25.05
25.31,25.34,24.82,193,25.18,2016-08-31T04:00:00Z,27692,25.27
25.3,26.3,24.81,258,26.3,2016-09-01T04:00:00Z,30038,25.18
25.4,25.44,25.27,155,25.27,2016-09-02T04:00:00Z,9374,25.38
25.42,25.55,25.13,160,25.55,2016-09-06T04:00:00Z,9183,25.4
25.79,25.92,25.34,173,25.34,2016-09-07T04:00:00Z,16737,25.73
25.79,25.87,25.51,171,25.72,2016-09-08T04:00:00Z,8921,25.79
24.9,25.76,24.77,280,25.76,2016-09-09T04:00:00Z,23837,25.07
24.6,24.66,24.45,273,24.64,2016-09-12T04:00:00Z,16592,24.57
24.04,24.35,23.85,298,24.33,2016-09-13T04:00:00Z,26863,24.07
23.59,23.93,23.57,284,23.73,2016-09-14T04:00:00Z,20203,23.65
24.07,24.08,23.69,78,23.69,2016-09-15T04:00:00Z,7951,24.02
23.86,24.56,23.69,304,24.13,2016-09-16T04:00:00Z,116520,24.01
23.88,24.34,23.65,153,24.03,2016-09-19T04:00:00Z,12917,23.9
24.04,24.08,23.83,111,23.83,2016-09-20T04:00:00Z,13283,24.02
24.56,24.61,24.18,111,24.18,2016-09-21T04:00:00Z,10174,24.44
24.94,24.98,24.74,155,24.82,2016-09-22T04:00:00Z,40951,24.86
24.84,24.97,24.77,106,24.77,2016-09-23T04:00:00Z,11185,24.84
24.15,24.66,23.89,121,23.89,2016-09-26T04:00:00Z,12000,24.2
24.36,24.4,23.92,149,23.92,2016-09-27T04:00:00Z,8308,24.29
24.44,24.53,24.03,178,24.16,2016-09-28T04:00:00Z,19889,24.4
24.04,24.48,23.98,219,24.38,2016-09-29T04:00:00Z,18258,24.19
24.75,24.88,23.94,234,24.07,2016-09-30T04:00:00Z,26858,24.48
24.89,25.2,24.36,244,24.77,2016-10-03T04:00:00Z,19627,24.8
25.17,25.51,24.69,389,24.95,2016-10-04T04:00:00Z,26072,25.07
25.16,25.31,25.08,165,25.16,2016-10-05T04:00:00Z,28700,25.17
25.23,25.25,25.15,192,25.15,2016-10-06T04:00:00Z,10168,25.19
24.79,25.3,24.54,138,25.29,2016-10-07T04:00:00Z,10111,24.86
24.89,25.11,24.73,174,24.91,2016-10-10T04:00:00Z,16714,24.88
24.61,24.93,24.56,224,24.75,2016-10-11T04:00:00Z,12164,24.64
24.54,24.61,24.51,92,24.61,2016-10-12T04:00:00Z,5951,24.57
23.86,24.32,23.82,174,24.32,2016-10-13T04:00:00Z,10039,23.97
23.74,24.25,23.74,119,23.97,2016-10-14T04:00:00Z,10313,23.87
23.6,24.68,23.58,155,24.68,2016-10-17T04:00:00Z,15468,23.78
22.88,23.61,22.84,199,23.61,2016-10-18T04:00:00Z,24319,23.22
22.83,23.05,22.74,230,22.86,2016-10-19T04:00:00Z,17529,22.93
22.99,23.17,22.78,170,22.98,2016-10-20T04:00:00Z,13876,23.01
23.84,23.99,23.04,200,23.17,2016-10-21T04:00:00Z,18129,23.7
24.89,24.93,23.89,111,24.56,2016-10-24T04:00:00Z,8558,24.6
24.76,24.84,24.32,103,24.75,2016-10-25T04:00:00Z,8850,24.7
24.98,25.34,24.79,144,25.1,2016-10-26T04:00:00Z,18006,25.01
25.34,25.44,25.08,247,25.18,2016-10-27T04:00:00Z,15330,25.29
25.34,25.56,24.93,242,25.47,2016-10-28T04:00:00Z,20432,25.38
25.2,25.56,24.89,221,24.89,2016-10-31T04:00:00Z,27541,25.24
25.24,25.57,25.11,121,25.27,2016-11-01T04:00:00Z,11210,25.28
25.32,26.2,25.24,225,25.52,2016-11-02T04:00:00Z,24045,25.51
25.23,25.39,24.82,136,25.33,2016-11-03T04:00:00Z,11242,25.14
25.17,25.52,23.93,179,25.12,2016-11-04T04:00:00Z,17769,25.17
25.28,26.06,25.2,186,25.41,2016-11-07T05:00:00Z,20571,25.4
25.48,25.58,25.2,138,25.21,2016-11-08T05:00:00Z,13006,25.4
26.4,26.48,24.7,274,25.47,2016-11-09T05:00:00Z,27956,26.18
27.35,27.47,25.32,334,26.6,2016-11-10T05:00:00Z,33092,27.2
28.59,29.23,27.12,549,27.12,2016-11-11T05:00:00Z,65224,28.46
28.51,28.92,28.49,441,28.6,2016-11-14T05:00:00Z,35998,28.63
28.54,28.83,27.04,425,27.87,2016-11-15T05:00:00Z,59171,28.59
27.94,28.39,27.75,349,28.39,2016-11-16T05:00:00Z,39178,27.97
27.87,28.27,27.55,233,27.98,2016-11-17T05:00:00Z,22573,27.85
28.65,28.72,27.01,364,27.95,2016-11-18T05:00:00Z,66050,28.31
28.7,28.76,28.41,250,28.67,2016-11-21T05:00:00Z,16553,28.61
29.18,29.62,28.75,327,28.81,2016-11-22T05:00:00Z,25854,29.28
29.7,30.02,28.63,221,29.07,2016-11-23T05:00:00Z,17678,29.37
29.55,30.57,28.99,207,28.99,2016-11-25T05:00:00Z,22535,29.68
29.57,29.97,29.27,150,29.53,2016-11-28T05:00:00Z,16521,29.59
29.26,29.77,29.04,249,29.62,2016-11-29T05:00:00Z,18363,29.31
29.49,29.81,29.23,254,29.35,2016-11-30T05:00:00Z,24430,29.51
29.01,30.38,28.64,234,29.47,2016-12-01T05:00:00Z,19124,29.06
28.52,29.27,28.04,321,28.5,2016-12-02T05:00:00Z,32755,28.42
29.3,29.42,28.54,340,28.54,2016-12-05T05:00:00Z,30200,29.25
29.54,29.61,29.23,326,29.43,2016-12-06T05:00:00Z,35726,29.4
29.9,30.11,29.57,164,29.57,2016-12-07T05:00:00Z,19823,29.89
30.23,30.47,29.66,268,29.66,2016-12-08T05:00:00Z,31871,30.15
30.59,30.73,30.17,323,30.17,2016-12-09T05:00:00Z,31910,30.51
30.6,30.69,30.41,334,30.65,2016-12-12T05:00:00Z,24668,30.58
31.46,31.75,30.39,344,30.8,2016-12-13T05:00:00Z,98300,30.97
30.71,31.55,30.63,449,31.35,2016-12-14T05:00:00Z,58389,30.92
30.97,31.39,30.61,396,30.85,2016-12-15T05:00:00Z,97558,31.16
30.86,31.27,30.58,259,30.67,2016-12-16T05:00:00Z,106324,30.76
31.9,32.05,30.75,457,31.81,2016-12-19T05:00:00Z,42223,31.84
31.89,32.62,30.27,234,32.15,2016-12-20T05:00:00Z,21813,31.82
31.63,31.9,31.29,227,31.63,2016-12-21T05:00:00Z,19739,31.62
31.4,31.79,30.89,225,31.38,2016-12-22T05:00:00Z,24613,31.38
31.55,31.8,31.35,268,31.59,2016-12-23T05:00:00Z,25091,31.57
31.86,32.06,31.55,356,31.68,2016-12-27T05:00:00Z,34610,31.92
31.86,32.0,31.63,191,31.83,2016-12-28T05:00:00Z,15874,31.85
31.99,32.37,31.45,188,32.03,2016-12-29T05:00:00Z,12619,31.96
31.66,32.16,31.24,190,31.51,2016-12-30T05:00:00Z,17530,31.69
31.93,32.45,31.4,306,32.2,2017-01-03T05:00:00Z,26311,31.9
31.98,32.03,31.88,323,31.94,2017-01-04T05:00:00Z,32432,31.97
31.29,32.03,31.23,152,32.03,2017-01-05T05:00:00Z,12358,31.36
31.08,31.51,30.93,145,31.47,2017-01-06T05:00:00Z,10457,31.16
30.52,30.88,30.19,313,30.85,2017-01-09T05:00:00Z,26060,30.5
31.35,31.55,30.63,284,30.7,2017-01-10T05:00:00Z,26195,31.16
31.06,31.27,30.48,421,30.48,2017-01-11T05:00:00Z,15153,30.99
31.08,31.39,30.43,410,30.85,2017-01-12T05:00:00Z,23041,30.9
31.37,31.63,31.14,202,31.31,2017-01-13T05:00:00Z,13587,31.38
30.43,31.31,30.43,258,31.31,2017-01-17T05:00:00Z,22801,30.63
30.67,30.78,30.45,154,30.75,2017-01-18T05:00:00Z,12464,30.66
30.27,31.18,29.99,246,30.74,2017-01-19T05:00:00Z,18061,30.46
30.02,32.02,29.77,228,30.23,2017-01-20T05:00:00Z,21501,30.11
30.06,31.13,29.73,123,31.1,2017-01-23T05:00:00Z,8947,30.14
30.25,30.43,29.64,217,30.39,2017-01-24T05:00:00Z,20270,30.13
30.39,30.51,29.73,138,30.4,2017-01-25T05:00:00Z,12249,30.28
29.92,30.43,29.34,116,30.43,2017-01-26T05:00:00Z,5945,29.94
28.3,30.07,26.93,360,30.07,2017-01-27T05:00:00Z,29830,28.16
27.48,28.01,27.41,186,27.92,2017-01-30T05:00:00Z,15843,27.66
27.74,28.2,27.36,197,27.36,2017-01-31T05:00:00Z,15092,27.74
28.46,28.79,27.36,269,28.1,2017-02-01T05:00:00Z,21561,28.45
28.14,28.61,27.64,199,27.64,2017-02-02T05:00:00Z,16428,28.13
28.35,29.15,27.87,121,28.53,2017-02-03T05:00:00Z,12187,28.41
28.24,28.77,28.19,113,28.3,2017-02-06T05:00:00Z,9029,28.38
28.18,29.58,28.1,149,29.58,2017-02-07T05:00:00Z,10730,28.36
27.37,28.1,26.94,240,28.1,2017-02-08T05:00:00Z,20711,27.45
27.58,27.81,27.3,354,27.3,2017-02-09T05:00:00Z,19216,27.6
27.63,27.66,27.25,122,27.54,2017-02-10T05:00:00Z,11838,27.56
28.24,28.34,27.71,247,27.71,2017-02-13T05:00:00Z,20350,28.11
28.39,28.87,27.87,270,28.19,2017-02-14T05:00:00Z,28301,28.29
28.74,28.8,28.23,125,28.26,2017-02-15T05:00:00Z,8892,28.6
28.66,28.95,28.45,218,28.95,2017-02-16T05:00:00Z,15828,28.66
28.87,29.04,28.73,197,28.82,2017-02-17T05:00:00Z,24372,28.87
28.74,29.14,28.42,157,28.87,2017-02-21T05:00:00Z,15473,28.78
28.7,28.98,28.35,283,28.78,2017-02-22T05:00:00Z,10409,28.66
28.7,28.86,28.24,219,28.71,2017-02-23T05:00:00Z,19314,28.56
28.59,28.73,28.11,236,28.5,2017-02-24T05:00:00Z,21253,28.46
28.47,28.7,28.05,251,28.5,2017-02-27T05:00:00Z,22018,28.46
27.69,28.73,27.62,343,28.16,2017-02-28T05:00:00Z,32083,27.87
27.75,28.42,27.51,876,28.27,2017-03-01T05:00:00Z,45694,27.9
27.4,27.67,27.24,244,27.67,2017-03-02T05:00:00Z,20327,27.43
27.47,27.69,27.22,278,27.55,2017-03-03T05:00:00Z,25919,27.47
27.46,27.54,27.14,220,27.24,2017-03-06T05:00:00Z,20853,27.38
27.82,27.98,27.34,260,27.55,2017-03-07T05:00:00Z,21241,27.73
27.74,28.03,27.13,206,28.03,2017-03-08T05:00:00Z,17591,27.78
27.78,28.04,27.7,221,27.94,2017-03-09T05:00:00Z,17377,27.89
27.4,28.07,27.29,285,27.81,2017-03-10T05:00:00Z,23086,27.56
27.5,27.83,27.31,161,27.31,2017-03-13T04:00:00Z,11441,27.56
27.46,27.67,27.13,328,27.61,2017-03-14T04:00:00Z,20583,27.49
27.47,27.91,27.32,200,27.58,2017-03-15T04:00:00Z,14195,27.5
27.62,27.75,27.2,165,27.29,2017-03-16T04:00:00Z,16761,27.6
27.8,28.01,27.44,189,27.54,2017-03-17T04:00:00Z,58136,27.61
27.82,28.16,27.73,173,28.03,2017-03-20T04:00:00Z,13770,27.93
26.39,27.86,26.33,309,27.86,2017-03-21T04:00:00Z,24398,26.76
26.31,26.82,25.98,327,26.27,2017-03-22T04:00:00Z,31121,26.28
26.87,27.16,26.52,163,26.52,2017-03-23T04:00:00Z,13170,26.96
26.89,27.39,26.79,177,26.88,2017-03-24T04:00:00Z,15179,27.04
26.94,27.08,26.22,232,26.37,2017-03-27T04:00:00Z,11821,26.76
27.33,27.47,26.64,168,26.77,2017-03-28T04:00:00Z,15165,27.11
27.42,28.19,27.0,310,28.19,2017-03-29T04:00:00Z,24382,27.58
28.33,28.57,27.47,457,27.47,2017-03-30T04:00:00Z,24785,28.18
27.7,28.78,27.62,399,28.62,2017-03-31T04:00:00Z,44274,27.95
27.23,27.75,26.95,395,27.22,2017-04-03T04:00:00Z,26757,27.3
26.92,27.49,26.83,187,27.04,2017-04-04T04:00:00Z,20624,26.98
26.0,27.29,25.9,479,27.13,2017-04-05T04:00:00Z,50956,26.48
26.71,26.9,25.86,546,25.86,2017-04-06T04:00:00Z,45561,26.28
26.95,27.14,26.59,192,26.7,2017-04-07T04:00:00Z,12841,26.96
26.81,27.11,26.41,169,27.1,2017-04-10T04:00:00Z,10566,26.77
27.36,27.37,26.48,167,26.8,2017-04-11T04:00:00Z,16624,27.13
27.12,27.85,27.01,232,27.23,2017-04-12T04:00:00Z,15954,27.34
26.69,27.14,26.08,135,26.92,2017-04-13T04:00:00Z,11500,26.75
27.08,27.31,25.75,309,25.75,2017-04-17T04:00:00Z,23450,26.9
27.15,27.15,26.8,242,27.04,2017-04-18T04:00:00Z,17589,27.06
27.41,27.57,27.13,235,27.13,2017-04-19T04:00:00Z,18386,27.37
27.74,27.76,26.88,250,27.19,2017-04-20T04:00:00Z,25722,27.5
28.91,29.45,27.41,506,27.41,2017-04-21T04:00:00Z,44940,28.48
29.34,29.87,29.17,329,29.61,2017-04-24T04:00:00Z,22295,29.41
29.37,29.93,29.11,290,29.57,2017-04-25T04:00:00Z,24538,29.54
29.85,30.05,28.78,487,28.78,2017-04-26T04:00:00Z,45832,29.73
29.52,29.96,29.23,239,29.94,2017-04-27T04:00:00Z,18856,29.5
28.98,29.48,28.98,283,29.47,2017-04-28T04:00:00Z,28990,29.15
28.94,29.29,28.51,279,29.14,2017-05-01T04:00:00Z,18231,28.91
28.82,29.09,28.61,113,28.92,2017-05-02T04:00:00Z,9826,28.81
28.75,28.78,28.57,200,28.71,2017-05-03T04:00:00Z,14883,28.7
28.9,29.0,28.76,154,28.8,2017-05-04T04:00:00Z,10860,28.87
28.91,29.31,28.77,165,29.19,2017-05-05T04:00:00Z,15500,28.97
29.0,29.11,28.83,321,29.02,2017-05-08T04:00:00Z,10944,28.98
28.85,29.31,28.8,262,29.12,2017-05-09T04:00:00Z,15577,28.85
28.76,28.87,28.76,323,28.8,2017-05-10T04:00:00Z,15629,28.79
28.4,28.94,28.29,441,28.7,2017-05-11T04:00:00Z,16172,28.47
28.11,28.46,28.03,298,28.4,2017-05-12T04:00:00Z,19394,28.17
28.45,28.53,28.33,96,28.43,2017-05-15T04:00:00Z,8924,28.44
28.53,28.61,28.24,198,28.44,2017-05-16T04:00:00Z,11722,28.45
27.4,28.22,26.76,503,28.2,2017-05-17T04:00:00Z,87142,27.47
27.75,28.58,27.36,426,27.59,2017-05-18T04:00:00Z,76516,28.08
27.41,28.16,27.39,424,27.63,2017-05-19T04:00:00Z,37759,27.67
28.07,28.11,27.5,633,27.66,2017-05-22T04:00:00Z,25369,27.76
28.37,28.46,27.53,152,28.04,2017-05-23T04:00:00Z,11537,28.26
27.93,28.58,27.76,134,28.42,2017-05-24T04:00:00Z,11756,28.02
28.01,28.27,27.74,196,27.96,2017-05-25T04:00:00Z,14614,28.02
27.99,28.19,27.28,251,27.28,2017-05-26T04:00:00Z,10393,27.98
27.62,28.02,27.41,624,27.97,2017-05-30T04:00:00Z,48754,27.74
27.94,28.31,27.32,386,27.62,2017-05-31T04:00:00Z,66820,27.81
27.99,28.65,27.78,253,28.42,2017-06-01T04:00:00Z,20444,28.01
28.3,28.7,28.0,373,28.23,2017-06-02T04:00:00Z,26430,28.31
28.1,28.52,27.85,233,28.21,2017-06-05T04:00:00Z,18052,28.14
27.9,28.4,27.62,757,27.99,2017-06-06T04:00:00Z,17491,27.92
27.74,28.73,27.7,310,27.87,2017-06-07T04:00:00Z,19191,27.91
28.76,29.4,28.01,396,28.37,2017-06-08T04:00:00Z,29924,28.6
29.83,29.86,28.89,456,28.89,2017-06-09T04:00:00Z,42123,29.62
29.8,30.36,29.05,389,29.9,2017-06-12T04:00:00Z,44102,29.89
29.49,29.98,29.4,405,29.81,2017-06-13T04:00:00Z,20766,29.65
29.37,29.8,29.01,213,29.49,2017-06-14T04:00:00Z,16406,29.35
29.32,29.91,28.97,427,29.67,2017-06-15T04:00:00Z,18938,29.26
29.03,29.74,28.97,233,29.02,2017-06-16T04:00:00Z,85072,29.05
28.98,29.51,28.97,262,29.32,2017-06-19T04:00:00Z,12456,29.11
28.64,28.98,28.58,166,28.86,2017-06-20T04:00:00Z,15062,28.75
28.56,29.09,28.56,222,29.0,2017-06-21T04:00:00Z,21292,28.68
28.59,29.54,28.37,221,29.54,2017-06-22T04:00:00Z,18962,28.65
28.83,29.33,27.97,387,28.61,2017-06-23T04:00:00Z,81332,28.78
28.35,28.91,28.35,308,28.91,2017-06-26T04:00:00Z,17140,28.48
28.29,28.73,28.06,257,28.37,2017-06-27T04:00:00Z,16341,28.5
28.93,29.22,28.32,155,28.32,2017-06-28T04:00:00Z,14904,28.81
29.32,29.42,28.97,356,29.16,2017-06-29T04:00:00Z,25334,29.28
28.93,29.64,28.64,237,29.31,2017-06-30T04:00:00Z,21546,28.97
29.4,29.63,28.85,155,28.93,2017-07-03T04:00:00Z,14600,29.2
29.07,29.57,28.84,243,29.16,2017-07-05T04:00:00Z,15743,29.09
29.11,29.37,29.0,231,29.06,2017-07-06T04:00:00Z,16012,29.11
29.36,29.45,29.07,148,29.2,2017-07-07T04:00:00Z,7816,29.31
29.14,29.6,29.09,173,29.09,2017-07-10T04:00:00Z,11051,29.24
28.67,29.1,28.43,217,28.95,2017-07-11T04:00:00Z,19761,28.77
29.0,29.0,28.54,281,28.8,2017-07-12T04:00:00Z,9182,28.89
28.85,29.33,28.55,300,28.75,2017-07-13T04:00:00Z,18914,28.83
28.55,29.12,28.51,211,28.72,2017-07-14T04:00:00Z,16070,28.7
28.58,28.92,28.38,309,28.66,2017-07-17T04:00:00Z,19611,28.59
29.1,29.35,28.4,265,28.4,2017-07-18T04:00:00Z,19336,28.97
28.98,29.42,28.72,159,29.1,2017-07-19T04:00:00Z,11905,29.06
29.25,29.25,28.76,90,28.81,2017-07-20T04:00:00Z,5855,29.09
28.61,30.49,28.45,414,30.49,2017-07-21T04:00:00Z,51706,29.33
28.63,29.92,28.52,322,28.67,2017-07-24T04:00:00Z,13046,28.79
29.37,29.71,28.72,255,28.72,2017-07-25T04:00:00Z,25948,29.28
28.94,29.57,28.94,96,29.57,2017-07-26T04:00:00Z,5094,29.08
28.85,29.16,28.66,188,28.97,2017-07-27T04:00:00Z,15804,28.93
28.95,29.04,28.74,118,28.85,2017-07-28T04:00:00Z,11053,28.92
29.1,29.52,28.89,292,28.89,2017-07-31T04:00:00Z,36341,29.21
29.05,29.57,28.95,180,29.57,2017-08-01T04:00:00Z,14046,29.05
28.76,29.25,28.76,113,29.06,2017-08-02T04:00:00Z,7643,28.87
28.42,28.9,28.39,112,28.9,2017-08-03T04:00:00Z,8750,28.47
28.5,28.93,28.39,97,28.6,2017-08-04T04:00:00Z,9623,28.59
27.74,28.6,27.69,353,28.37,2017-08-07T04:00:00Z,30666,27.94
28.39,28.84,27.76,302,27.77,2017-08-08T04:00:00Z,14484,28.27
27.9,28.37,27.77,236,28.12,2017-08-09T04:00:00Z,19761,28.0
27.45,27.86,27.38,184,27.76,2017-08-10T04:00:00Z,17046,27.63
27.15,27.68,26.88,244,27.66,2017-08-11T04:00:00Z,21198,27.19
28.5,28.53,27.44,314,27.44,2017-08-14T04:00:00Z,24968,28.32
28.13,28.59,28.11,220,28.52,2017-08-15T04:00:00Z,13181,28.3
28.15,28.46,28.12,185,28.25,2017-08-16T04:00:00Z,10458,28.2
27.6,28.05,27.6,221,27.98,2017-08-17T04:00:00Z,16186,27.73
27.99,28.26,27.17,199,27.17,2017-08-18T04:00:00Z,23516,27.65
27.66,28.06,27.28,79,28.06,2017-08-21T04:00:00Z,8279,27.74
27.86,27.95,27.69,84,27.9,2017-08-22T04:00:00Z,7191,27.86
27.96,28.17,27.68,174,27.68,2017-08-23T04:00:00Z,14052,27.94
28.01,28.2,27.8,249,27.9,2017-08-24T04:00:00Z,18690,27.99
28.32,28.5,27.99,143,28.05,2017-08-25T04:00:00Z,8555,28.29
28.32,28.58,27.79,162,28.24,2017-08-28T04:00:00Z,14423,28.25
28.27,28.45,27.77,178,27.93,2017-08-29T04:00:00Z,13651,28.11
28.45,28.63,27.99,244,27.99,2017-08-30T04:00:00Z,8008,28.43
28.84,28.89,28.23,451,28.47,2017-08-31T04:00:00Z,44884,28.75
29.0,29.0,28.67,119,28.84,2017-09-01T04:00:00Z,9438,28.92
28.04,29.21,27.9,278,29.21,2017-09-05T04:00:00Z,16702,28.23
28.2,28.57,28.09,191,28.13,2017-09-06T04:00:00Z,13193,28.25
27.9,28.5,27.77,368,28.5,2017-09-07T04:00:00Z,15033,27.93
28.29,28.37,28.04,171,28.07,2017-09-08T04:00:00Z,8583,28.22
28.78,29.06,28.59,227,28.84,2017-09-11T04:00:00Z,10890,28.79
28.93,29.01,28.34,148,28.74,2017-09-12T04:00:00Z,5347,28.85
29.08,29.18,28.82,154,28.93,2017-09-13T04:00:00Z,15602,29.02
29.0,29.3,28.86,122,29.3,2017-09-14T04:00:00Z,11118,28.99
29.03,29.15,28.83,191,29.15,2017-09-15T04:00:00Z,80325,29.08
29.37,29.48,29.2,233,29.32,2017-09-18T04:00:00Z,15620,29.37
29.44,29.55,29.29,226,29.29,2017-09-19T04:00:00Z,16618,29.43
29.96,30.17,29.33,293,29.45,2017-09-20T04:00:00Z,28163,29.81
30.85,30.97,29.5,437,29.97,2017-09-21T04:00:00Z,30165,30.44
30.95,31.1,30.76,271,30.76,2017-09-22T04:00:00Z,19344,30.96
30.98,31.09,30.75,227,30.99,2017-09-25T04:00:00Z,16302,30.93
30.97,31.22,30.36,184,31.22,2017-09-26T04:00:00Z,7447,30.82
31.87,31.98,30.67,446,30.67,2017-09-27T04:00:00Z,38062,31.33
31.77,31.93,31.52,204,31.74,2017-09-28T04:00:00Z,21912,31.74
31.71,31.99,31.42,185,31.72,2017-09-29T04:00:00Z,13034,31.72
31.81,31.96,31.23,222,31.89,2017-10-02T04:00:00Z,16911,31.82
31.9,32.06,31.23,184,31.97,2017-10-03T04:00:00Z,13606,31.88
31.59,31.59,30.4,308,31.4,2017-10-04T04:00:00Z,21634,31.46
32.33,32.6,31.61,201,31.62,2017-10-05T04:00:00Z,18221,32.12
32.6,32.62,31.84,154,31.84,2017-10-06T04:00:00Z,10783,32.53
33.04,33.35,32.51,228,32.51,2017-10-09T04:00:00Z,18589,32.92
33.63,33.68,33.03,261,33.28,2017-10-10T04:00:00Z,20592,33.44
33.62,34.08,32.99,274,33.39,2017-10-11T04:00:00Z,27161,33.61
33.37,33.66,33.26,240,33.66,2017-10-12T04:00:00Z,14967,33.43
33.48,33.53,33.11,188,33.41,2017-10-13T04:00:00Z,16448,33.4
33.74,34.1,33.47,204,33.48,2017-10-16T04:00:00Z,18670,33.75
33.52,34.12,33.41,194,33.74,2017-10-17T04:00:00Z,17432,33.7
33.51,34.05,33.51,259,33.52,2017-10-18T04:00:00Z,19325,33.66
32.68,33.3,32.67,218,33.2,2017-10-19T04:00:00Z,22770,32.99
33.83,35.91,32.52,649,35.91,2017-10-20T04:00:00Z,64250,34.06
32.75,33.84,32.75,337,33.6,2017-10-23T04:00:00Z,21930,33.18
32.52,32.98,32.52,366,32.77,2017-10-24T04:00:00Z,27925,32.74
33.21,33.81,32.61,751,32.73,2017-10-25T04:00:00Z,73208,33.21
33.22,33.78,32.96,452,33.4,2017-10-26T04:00:00Z,47194,33.31
33.3,33.44,32.99,383,33.1,2017-10-27T04:00:00Z,26038,33.25
32.11,33.18,31.92,199,33.18,2017-10-30T04:00:00Z,13017,32.25
32.07,32.66,31.86,289,32.22,2017-10-31T04:00:00Z,25053,32.12
32.31,32.97,31.96,209,32.36,2017-11-01T04:00:00Z,15924,32.29
32.51,32.65,31.97,423,32.3,2017-11-02T04:00:00Z,16301,32.4
32.24,32.46,32.18,113,32.29,2017-11-03T04:00:00Z,14263,32.3
32.23,32.58,31.93,160,32.33,2017-11-06T05:00:00Z,10239,32.14
31.36,32.65,31.23,416,32.65,2017-11-07T05:00:00Z,20417,31.46
31.21,31.39,30.95,287,31.16,2017-11-08T05:00:00Z,14632,31.21
30.8,31.17,30.3,239,30.87,2017-11-09T05:00:00Z,14778,30.73
30.66,31.21,30.6,121,30.79,2017-11-10T05:00:00Z,8602,30.78
31.05,31.31,30.48,147,30.48,2017-11-13T05:00:00Z,10729,30.89
31.45,31.58,30.76,161,30.76,2017-11-14T05:00:00Z,12737,31.33
31.56,31.71,31.09,149,31.09,2017-11-15T05:00:00Z,15606,31.44
31.96,32.01,31.34,316,31.68,2017-11-16T05:00:00Z,19038,31.76
32.11,32.13,31.43,196,31.8,2017-11-17T05:00:00Z,20579,31.76
32.52,32.55,31.45,399,32.1,2017-11-20T05:00:00Z,26493,32.11
33.08,33.28,32.45,386,32.48,2017-11-21T05:00:00Z,28479,32.92
32.86,33.8,32.86,248,33.15,2017-11-22T05:00:00Z,16655,33.07
32.43,32.97,32.05,309,32.97,2017-11-24T05:00:00Z,14733,32.39
32.91,33.47,32.43,275,32.51,2017-11-27T05:00:00Z,14290,32.89
34.12,34.52,32.78,276,32.9,2017-11-28T05:00:00Z,31956,33.52
35.11,35.43,33.65,469,34.25,2017-11-29T05:00:00Z,22334,34.9
34.71,35.47,34.43,478,35.16,2017-11-30T05:00:00Z,65459,34.92
33.93,34.84,33.35,201,34.84,2017-12-01T05:00:00Z,10762,33.91
33.93,34.74,33.77,430,34.55,2017-12-04T05:00:00Z,32888,34.44
33.74,34.37,32.88,470,34.15,2017-12-05T05:00:00Z,37474,33.94
33.61,33.61,33.17,169,33.3,2017-12-06T05:00:00Z,7737,33.52
33.24,34.18,32.8,263,33.5,2017-12-07T05:00:00Z,21251,33.3
33.26,33.71,33.12,173,33.43,2017-12-08T05:00:00Z,9604,33.28
32.75,33.34,32.51,294,33.34,2017-12-11T05:00:00Z,22468,32.88
33.61,33.88,32.7,462,32.88,2017-12-12T05:00:00Z,28414,33.5
33.74,34.72,33.44,338,34.72,2017-12-13T05:00:00Z,28351,33.91
33.13,33.79,32.76,205,33.79,2017-12-14T05:00:00Z,21709,33.18
33.58,34.22,33.04,296,33.04,2017-12-15T05:00:00Z,80526,33.31
34.21,34.57,33.91,161,33.91,2017-12-18T05:00:00Z,13735,34.21
33.11,34.19,32.9,450,34.19,2017-12-19T05:00:00Z,27778,33.36
32.99,35.21,32.9,125,33.44,2017-12-20T05:00:00Z,8180,33.22
33.53,33.72,33.07,180,33.07,2017-12-21T05:00:00Z,12886,33.44
33.0,33.52,33.0,80,33.52,2017-12-22T05:00:00Z,8498,33.09
32.5,32.95,32.49,85,32.95,2017-12-26T05:00:00Z,6122,32.57
32.31,32.59,32.22,88,32.49,2017-12-27T05:00:00Z,5758,32.37
32.24,32.75,32.12,75,32.75,2017-12-28T05:00:00Z,5822,32.22
31.17,32.65,31.16,108,32.65,2017-12-29T05:00:00Z,12110,31.38
31.52,34.58,31.06,287,31.18,2018-01-02T05:00:00Z,21198,31.55
31.63,31.75,28.07,227,31.52,2018-01-03T05:00:00Z,21535,30.8
31.63,32.56,31.58,142,32.31,2018-01-04T05:00:00Z,12060,31.91
32.57,32.57,31.85,237,31.94,2018-01-05T05:00:00Z,24731,32.27
31.81,32.41,31.81,195,32.41,2018-01-08T05:00:00Z,13880,32.08
32.19,32.61,31.27,103,31.82,2018-01-09T05:00:00Z,11369,32.15
32.22,32.5,32.05,123,32.14,2018-01-10T05:00:00Z,8412,32.25
32.65,32.68,31.86,111,32.22,2018-01-11T05:00:00Z,8131,32.46
32.72,32.87,32.31,171,32.72,2018-01-12T05:00:00Z,8446,32.64
32.73,33.52,32.69,180,32.95,2018-01-16T05:00:00Z,13733,32.98
32.61,33.61,32.5,268,33.0,2018-01-17T05:00:00Z,13869,32.83
32.38,32.59,32.01,227,32.57,2018-01-18T05:00:00Z,9804,32.35
32.88,33.41,32.38,170,32.38,2018-01-19T05:00:00Z,17004,32.74
32.59,33.64,32.27,106,33.33,2018-01-22T05:00:00Z,8619,32.91
32.49,33.28,32.35,215,32.55,2018-01-23T05:00:00Z,11868,32.58
32.05,33.16,31.67,79,31.67,2018-01-24T05:00:00Z,5084,32.27
32.06,32.14,31.58,277,32.1,2018-01-25T05:00:00Z,17200,31.87
32.16,32.31,31.32,377,32.14,2018-01-26T05:00:00Z,40692,32.0
31.83,32.46,31.83,156,32.26,2018-01-29T05:00:00Z,12340,31.92
31.72,31.94,31.69,168,31.83,2018-01-30T05:00:00Z,14878,31.79
31.6,31.83,31.57,223,31.69,2018-01-31T05:00:00Z,17229,31.67
32.23,32.23,31.57,189,31.57,2018-02-01T05:00:00Z,9833,31.86
31.76,32.41,31.71,270,32.06,2018-02-02T05:00:00Z,17219,31.89
30.74,31.68,30.74,196,31.57,2018-02-05T05:00:00Z,19888,31.29
31.16,31.39,30.21,336,30.21,2018-02-06T05:00:00Z,21803,30.85
30.98,31.2,30.71,249,31.16,2018-02-07T05:00:00Z,14204,30.93
30.16,31.08,30.12,253,31.08,2018-02-08T05:00:00Z,18188,30.41
30.85,30.96,30.09,313,30.54,2018-02-09T05:00:00Z,21120,30.67
30.98,31.64,30.85,253,31.01,2018-02-12T05:00:00Z,20604,31.21
30.9,31.15,30.71,224,30.86,2018-02-13T05:00:00Z,11153,30.95
31.42,31.71,30.67,180,30.67,2018-02-14T05:00:00Z,14944,31.3
31.75,31.9,31.05,171,31.59,2018-02-15T05:00:00Z,11995,31.57
32.04,32.17,31.13,229,31.52,2018-02-16T05:00:00Z,21430,31.89
31.65,32.08,31.44,231,31.85,2018-02-20T05:00:00Z,16588,31.74
32.31,32.69,31.63,211,31.77,2018-02-21T05:00:00Z,15785,32.25
31.73,32.22,31.5,224,32.22,2018-02-22T05:00:00Z,17119,31.82
31.9,32.2,31.62,235,31.83,2018-02-23T05:00:00Z,10035,31.86
31.89,31.96,31.4,347,31.96,2018-02-26T05:00:00Z,14316,31.73
31.37,32.09,31.31,204,31.96,2018-02-27T05:00:00Z,16416,31.64
30.54,31.82,30.46,205,31.24,2018-02-28T05:00:00Z,20884,31.02
30.61,31.14,30.46,473,30.59,2018-03-01T05:00:00Z,18932,30.69
31.3,32.57,29.93,199,30.39,2018-03-02T05:00:00Z,16587,30.86
31.83,31.92,30.8,324,31.21,2018-03-05T05:00:00Z,10395,31.61
31.51,32.4,30.99,339,31.99,2018-03-06T05:00:00Z,16281,31.49
31.95,32.26,31.2,298,31.2,2018-03-07T05:00:00Z,16139,31.92
31.82,32.09,31.33,229,31.9,2018-03-08T05:00:00Z,17712,31.75
32.31,32.8,31.61,288,32.12,2018-03-09T05:00:00Z,23537,32.39
32.87,32.94,32.06,238,32.06,2018-03-12T04:00:00Z,9709,32.65
32.85,33.14,32.09,197,32.97,2018-03-13T04:00:00Z,16675,32.92
32.47,32.95,32.44,250,32.48,2018-03-14T04:00:00Z,13904,32.67
32.79,32.84,32.26,245,32.26,2018-03-15T04:00:00Z,10535,32.63
32.85,33.14,31.92,260,32.72,2018-03-16T04:00:00Z,56361,32.78
33.54,33.55,32.41,274,32.75,2018-03-19T04:00:00Z,15244,33.27
32.86,33.39,32.47,221,33.39,2018-03-20T04:00:00Z,14816,32.93
32.85,33.22,32.67,67,33.22,2018-03-21T04:00:00Z,3619,32.83
32.28,33.0,32.19,126,32.73,2018-03-22T04:00:00Z,13819,32.4
31.44,32.38,31.43,289,32.38,2018-03-23T04:00:00Z,24999,31.72
32.34,32.46,31.28,221,31.88,2018-03-26T04:00:00Z,19660,32.14
31.97,32.87,31.92,1037,32.49,2018-03-27T04:00:00Z,13229,32.16
32.09,32.49,31.58,370,31.83,2018-03-28T04:00:00Z,46820,31.89
31.59,32.09,31.43,452,31.78,2018-03-29T04:00:00Z,57187,31.67
30.98,32.09,30.41,207,32.09,2018-04-02T04:00:00Z,16668,31.21
31.09,31.29,30.89,222,31.08,2018-04-03T04:00:00Z,15037,31.1
31.64,32.0,30.7,168,31.17,2018-04-04T04:00:00Z,11895,31.61
31.55,31.92,31.37,86,31.92,2018-04-05T04:00:00Z,7463,31.6
31.35,32.16,31.03,195,32.16,2018-04-06T04:00:00Z,15550,31.58
31.08,31.48,31.05,123,31.05,2018-04-09T04:00:00Z,6799,31.12
31.77,32.01,31.18,176,31.18,2018-04-10T04:00:00Z,10019,31.74
31.69,31.84,31.39,127,31.59,2018-04-11T04:00:00Z,5479,31.63
31.65,31.83,31.35,133,31.52,2018-04-12T04:00:00Z,15315,31.55
31.82,31.85,31.55,94,31.78,2018-04-13T04:00:00Z,7239,31.75
32.18,32.43,31.49,144,31.93,2018-04-16T04:00:00Z,10772,31.99
32.19,32.69,32.0,246,32.13,2018-04-17T04:00:00Z,16286,32.24
32.26,32.58,32.02,132,32.02,2018-04-18T04:00:00Z,8738,32.36
34.03,34.16,32.25,285,32.25,2018-04-19T04:00:00Z,22352,33.44
34.48,36.2,33.71,271,33.9,2018-04-20T04:00:00Z,22811,34.54
34.41,35.1,33.9,418,34.64,2018-04-23T04:00:00Z,18255,34.45
34.4,35.06,33.85,328,34.8,2018-04-24T04:00:00Z,34994,34.49
35.36,35.5,34.47,364,34.52,2018-04-25T04:00:00Z,26673,35.14
36.0,36.68,35.58,348,35.58,2018-04-26T04:00:00Z,25775,35.97
35.69,36.42,35.51,338,36.21,2018-04-27T04:00:00Z,16116,35.82
34.79,36.08,34.76,223,36.08,2018-04-30T04:00:00Z,28272,35.24
35.44,35.63,34.44,268,35.63,2018-05-01T04:00:00Z,14588,35.12
35.69,35.69,35.58,2,35.58,2018-05-02T04:00:00Z,2093,35.67
35.87,35.87,35.74,2,35.74,2018-05-03T04:00:00Z,1569,35.86
35.94,36.01,35.15,240,35.55,2018-05-04T04:00:00Z,8915,35.8
35.69,36.28,35.65,203,35.95,2018-05-07T04:00:00Z,9962,35.8
36.22,36.3,35.55,343,35.55,2018-05-08T04:00:00Z,8146,36.06
35.64,36.26,35.3,140,35.82,2018-05-09T04:00:00Z,16910,35.75
35.81,35.95,35.14,188,35.59,2018-05-10T04:00:00Z,5002,35.73
35.84,35.97,35.68,106,35.68,2018-05-11T04:00:00Z,7237,35.84
35.42,35.91,35.31,255,35.77,2018-05-14T04:00:00Z,14521,35.58
35.68,36.04,35.45,153,35.45,2018-05-15T04:00:00Z,11818,35.74
35.97,35.97,35.66,176,35.84,2018-05-16T04:00:00Z,20313,35.89
36.05,36.17,35.27,171,35.56,2018-05-17T04:00:00Z,14187,35.81
36.17,36.49,35.8,180,36.25,2018-05-18T04:00:00Z,18083,36.16
36.01,36.63,35.88,209,36.1,2018-05-21T04:00:00Z,14248,36.11
36.42,36.63,36.05,204,36.05,2018-05-22T04:00:00Z,10882,36.41
36.36,36.77,36.12,228,36.28,2018-05-23T04:00:00Z,18825,36.41
36.64,36.86,35.83,322,36.37,2018-05-24T04:00:00Z,15357,36.41
36.59,36.83,36.29,371,36.43,2018-05-25T04:00:00Z,24755,36.58
36.13,36.41,35.97,205,36.41,2018-05-29T04:00:00Z,14307,36.15
36.3,36.71,35.58,304,36.17,2018-05-30T04:00:00Z,24757,36.25
36.22,37.01,35.97,239,36.15,2018-05-31T04:00:00Z,68312,36.23
36.87,36.99,36.49,180,36.51,2018-06-01T04:00:00Z,10258,36.84
37.3,37.66,36.87,323,36.94,2018-06-04T04:00:00Z,24429,37.21
37.65,37.88,36.85,226,37.34,2018-06-05T04:00:00Z,14449,37.42
38.65,38.99,37.62,436,37.62,2018-06-06T04:00:00Z,29024,38.43
38.69,39.58,38.4,351,38.77,2018-06-07T04:00:00Z,14649,38.71
38.28,38.68,37.96,307,38.2,2018-06-08T04:00:00Z,22955,38.37
37.55,38.85,37.41,334,38.16,2018-06-11T04:00:00Z,25585,37.9
37.35,37.96,36.98,298,37.56,2018-06-12T04:00:00Z,24955,37.35
37.21,38.07,37.2,331,37.77,2018-06-13T04:00:00Z,27576,37.54
36.96,37.49,36.71,489,37.42,2018-06-14T04:00:00Z,52447,37.06
37.32,37.75,36.76,436,36.76,2018-06-15T04:00:00Z,71001,37.26
37.74,37.88,36.83,411,37.31,2018-06-18T04:00:00Z,36025,37.59
38.2,38.39,37.25,521,37.65,2018-06-19T04:00:00Z,42957,38.12
38.47,38.64,38.0,388,38.24,2018-06-20T04:00:00Z,37612,38.23
38.72,39.4,38.15,386,38.17,2018-06-21T04:00:00Z,35494,38.73
38.61,39.0,38.0,249,39.0,2018-06-22T04:00:00Z,103827,38.6
38.41,38.82,37.89,426,38.19,2018-06-25T04:00:00Z,23688,38.4
38.7,38.71,37.79,266,37.79,2018-06-26T04:00:00Z,18689,38.44
37.94,38.67,37.94,414,38.67,2018-06-27T04:00:00Z,32345,38.25
38.36,38.66,37.56,303,37.83,2018-06-28T04:00:00Z,23302,38.26
37.57,38.48,37.34,327,38.42,2018-06-29T04:00:00Z,32741,37.84
37.73,37.85,37.05,276,37.49,2018-07-02T04:00:00Z,24061,37.66
38.13,38.19,37.44,79,37.91,2018-07-03T04:00:00Z,8378,37.98
38.08,38.28,37.86,232,38.13,2018-07-05T04:00:00Z,12501,38.09
38.21,38.34,37.78,234,37.99,2018-07-06T04:00:00Z,22097,38.13
38.78,38.88,38.28,167,38.28,2018-07-09T04:00:00Z,6513,38.68
38.37,39.1,38.14,219,38.77,2018-07-10T04:00:00Z,18343,38.57
38.51,38.74,38.21,193,38.21,2018-07-11T04:00:00Z,13411,38.53
38.11,38.57,37.79,300,38.57,2018-07-12T04:00:00Z,10797,38.21
38.19,38.79,36.86,117,37.99,2018-07-13T04:00:00Z,8012,38.18
38.45,38.58,37.71,121,38.19,2018-07-16T04:00:00Z,10138,38.23
38.61,38.61,37.85,253,38.43,2018-07-17T04:00:00Z,12265,38.4
38.8,39.06,38.59,133,38.59,2018-07-18T04:00:00Z,7433,38.78
38.83,39.27,38.68,246,39.14,2018-07-19T04:00:00Z,13013,38.89
40.43,40.73,38.95,196,38.95,2018-07-20T04:00:00Z,17453,39.84
41.16,41.29,40.28,230,40.78,2018-07-23T04:00:00Z,17797,40.93
40.2,41.37,40.07,306,41.32,2018-07-24T04:00:00Z,13976,40.61
39.93,40.31,39.49,222,40.31,2018-07-25T04:00:00Z,13656,39.86
40.56,40.77,39.4,273,40.19,2018-07-26T04:00:00Z,21894,39.97
39.74,40.86,39.6,217,40.71,2018-07-27T04:00:00Z,17199,40.03
40.49,40.93,39.73,222,40.16,2018-07-30T04:00:00Z,19801,40.43
39.7,40.74,39.7,312,40.61,2018-07-31T04:00:00Z,43620,40.08
39.78,40.1,39.59,334,39.73,2018-08-01T04:00:00Z,12972,39.79
39.94,39.95,39.48,183,39.48,2018-08-02T04:00:00Z,14905,39.78
39.77,40.13,39.62,191,39.93,2018-08-03T04:00:00Z,8004,39.79
39.56,39.8,39.4,131,39.76,2018-08-06T04:00:00Z,8543,39.56
39.88,39.95,39.47,229,39.76,2018-08-07T04:00:00Z,14422,39.74
40.22,40.22,39.73,126,39.74,2018-08-08T04:00:00Z,41056,40.05
40.83,40.96,39.89,66,40.3,2018-08-09T04:00:00Z,6398,40.62
40.69,40.85,40.48,134,40.58,2018-08-10T04:00:00Z,7313,40.67
40.58,41.14,40.58,136,40.66,2018-08-13T04:00:00Z,37667,40.69
41.03,41.13,40.57,123,40.72,2018-08-14T04:00:00Z,5094,40.89
40.79,41.06,40.76,169,41.06,2018-08-15T04:00:00Z,7982,40.89
41.74,41.87,41.07,145,41.26,2018-08-16T04:00:00Z,10023,41.51
41.31,41.63,41.06,200,41.63,2018-08-17T04:00:00Z,23903,41.33
41.37,41.59,41.27,94,41.46,2018-08-20T04:00:00Z,6817,41.41
41.75,41.8,41.48,104,41.48,2018-08-21T04:00:00Z,8142,41.72
41.55,41.76,41.42,145,41.76,2018-08-22T04:00:00Z,12406,41.57
41.72,41.79,41.11,157,41.34,2018-08-23T04:00:00Z,14440,41.49
41.35,41.82,41.17,98,41.82,2018-08-24T04:00:00Z,8203,41.38
41.25,42.05,41.15,130,41.73,2018-08-27T04:00:00Z,9660,41.35
40.8,41.45,40.51,225,41.45,2018-08-28T04:00:00Z,13496,40.85
40.16,41.39,39.86,177,40.88,2018-08-29T04:00:00Z,14810,40.35
40.29,40.94,40.08,272,40.14,2018-08-30T04:00:00Z,13453,40.39
40.32,40.74,39.98,169,40.32,2018-08-31T04:00:00Z,13656,40.29
41.26,41.3,40.23,206,40.23,2018-09-04T04:00:00Z,15942,41.12
41.25,41.28,40.79,103,40.98,2018-09-05T04:00:00Z,5460,41.09
40.94,41.3,40.78,142,41.18,2018-09-06T04:00:00Z,9919,40.97
40.76,40.94,40.55,183,40.81,2018-09-07T04:00:00Z,11568,40.73
40.93,41.45,40.69,119,40.77,2018-09-10T04:00:00Z,9100,40.99
41.25,41.47,40.78,204,40.78,2018-09-11T04:00:00Z,12699,41.23
41.04,41.51,39.96,389,39.96,2018-09-12T04:00:00Z,26329,41.09
40.31,41.06,40.06,226,41.06,2018-09-13T04:00:00Z,8594,40.49
40.23,40.81,39.85,304,39.95,2018-09-14T04:00:00Z,22305,40.29
40.09,40.64,39.85,275,40.11,2018-09-17T04:00:00Z,14896,40.2
40.03,40.4,39.8,272,40.19,2018-09-18T04:00:00Z,14925,40.07
40.18,40.44,40.02,224,40.07,2018-09-19T04:00:00Z,13123,40.21
41.06,41.21,39.93,256,40.2,2018-09-20T04:00:00Z,19593,40.7
39.85,41.31,39.61,258,41.04,2018-09-21T04:00:00Z,101792,40.24
39.35,39.85,39.05,334,39.85,2018-09-24T04:00:00Z,18723,39.46
39.45,39.8,38.92,178,39.49,2018-09-25T04:00:00Z,47164,39.42
39.0,39.67,38.54,121,39.44,2018-09-26T04:00:00Z,6530,39.07
38.66,39.1,38.23,153,39.1,2018-09-27T04:00:00Z,8146,38.58
38.42,38.76,38.16,233,38.61,2018-09-28T04:00:00Z,24266,38.47
37.72,39.21,37.31,213,38.51,2018-10-01T04:00:00Z,18257,37.94
37.36,38.6,37.01,343,37.75,2018-10-02T04:00:00Z,18897,37.37
38.34,38.49,36.66,260,37.46,2018-10-03T04:00:00Z,15044,38.0
38.31,38.66,38.21,150,38.41,2018-10-04T04:00:00Z,8973,38.33
37.63,38.34,37.38,264,38.25,2018-10-05T04:00:00Z,10361,37.88
38.21,38.37,37.36,142,37.71,2018-10-08T04:00:00Z,12585,37.92
37.97,39.02,37.97,233,38.21,2018-10-09T04:00:00Z,16133,38.3
38.0,39.07,37.72,181,37.95,2018-10-10T04:00:00Z,15688,38.18
36.51,38.16,35.43,278,37.9,2018-10-11T04:00:00Z,22833,36.6
36.16,37.35,35.61,246,37.11,2018-10-12T04:00:00Z,23595,36.13
36.28,36.66,35.68,86,36.13,2018-10-15T04:00:00Z,6595,36.24
36.74,36.81,35.85,262,36.36,2018-10-16T04:00:00Z,15951,36.68
37.26,37.49,36.1,324,36.77,2018-10-17T04:00:00Z,17824,37.12
37.03,38.31,36.46,269,37.59,2018-10-18T04:00:00Z,20640,37.2
36.09,38.15,35.98,249,37.04,2018-10-19T04:00:00Z,21759,36.68
35.75,36.63,35.1,185,36.11,2018-10-22T04:00:00Z,17765,35.89
35.22,35.79,35.15,300,35.26,2018-10-23T04:00:00Z,18845,35.46
33.74,35.22,33.58,238,35.18,2018-10-24T04:00:00Z,15100,34.0
34.94,35.52,34.09,248,34.09,2018-10-25T04:00:00Z,21141,34.86
35.85,36.46,34.42,401,34.59,2018-10-26T04:00:00Z,28276,35.26
36.51,36.95,35.91,193,36.28,2018-10-29T04:00:00Z,12614,36.48
36.95,37.42,36.45,271,36.61,2018-10-30T04:00:00Z,15441,36.95
37.4,38.06,37.01,303,37.01,2018-10-31T04:00:00Z,27019,37.42
38.17,38.32,37.46,338,37.46,2018-11-01T04:00:00Z,23080,38.08
38.68,38.92,37.66,235,38.42,2018-11-02T04:00:00Z,11495,38.56
37.44,38.84,36.96,256,38.84,2018-11-05T05:00:00Z,19596,37.78
38.01,38.42,37.16,88,37.53,2018-11-06T05:00:00Z,7359,37.8
38.08,38.88,37.66,123,38.19,2018-11-07T05:00:00Z,14660,38.12
38.58,38.8,37.68,143,38.01,2018-11-08T05:00:00Z,7985,38.46
37.77,38.91,37.51,107,38.19,2018-11-09T05:00:00Z,11401,38.02
38.07,38.55,37.73,118,37.76,2018-11-12T05:00:00Z,11304,38.01
37.56,38.07,37.51,234,38.07,2018-11-13T05:00:00Z,10178,37.63
37.36,38.31,37.05,152,37.82,2018-11-14T05:00:00Z,12188,37.44
37.23,37.59,36.8,136,37.16,2018-11-15T05:00:00Z,8911,37.13
38.16,38.37,36.96,384,37.03,2018-11-16T05:00:00Z,31923,37.7
36.89,38.11,36.75,184,38.11,2018-11-19T05:00:00Z,14385,37.08
35.99,36.92,35.64,299,36.38,2018-11-20T05:00:00Z,15655,36.16
36.59,36.79,35.76,228,35.86,2018-11-21T05:00:00Z,14385,36.42
36.79,36.79,36.06,74,36.41,2018-11-23T05:00:00Z,6029,36.68
36.85,37.13,36.51,96,36.79,2018-11-26T05:00:00Z,11066,36.82
36.06,37.01,35.72,192,36.44,2018-11-27T05:00:00Z,16138,36.39
36.67,36.88,35.89,103,35.89,2018-11-28T05:00:00Z,10095,36.57
36.42,36.86,36.36,156,36.67,2018-11-29T05:00:00Z,8675,36.55
36.06,36.67,36.02,416,36.31,2018-11-30T05:00:00Z,33423,36.14
35.63,36.54,35.25,392,36.54,2018-12-03T05:00:00Z,22083,35.68
33.85,36.25,33.62,225,35.49,2018-12-04T05:00:00Z,28674,34.29
33.69,34.14,32.95,304,33.39,2018-12-06T05:00:00Z,41634,33.56
34.86,34.96,33.43,383,33.43,2018-12-07T05:00:00Z,27568,34.64
33.49,34.89,32.96,582,34.89,2018-12-10T05:00:00Z,42415,33.56
33.84,34.36,33.18,163,33.52,2018-12-11T05:00:00Z,17142,33.54
33.96,34.51,33.16,281,34.13,2018-12-12T05:00:00Z,17449,33.94
33.81,33.98,32.79,303,33.98,2018-12-13T05:00:00Z,15334,33.66
33.64,33.84,33.02,201,33.81,2018-12-14T05:00:00Z,15149,33.66
33.09,33.61,32.77,440,33.61,2018-12-17T05:00:00Z,36924,33.16
33.74,33.98,32.96,290,33.28,2018-12-18T05:00:00Z,25488,33.61
33.22,34.52,32.63,307,33.97,2018-12-19T05:00:00Z,32189,33.41
32.39,33.95,31.94,551,33.16,2018-12-20T05:00:00Z,51699,32.68
32.58,32.97,32.16,337,32.42,2018-12-21T05:00:00Z,76586,32.52
30.28,32.69,29.54,277,32.47,2018-12-24T05:00:00Z,23933,31.48
31.31,31.79,29.5,320,30.35,2018-12-26T05:00:00Z,23659,31.13
30.91,31.48,30.58,206,30.8,2018-12-27T05:00:00Z,22403,30.96
31.16,31.85,30.74,456,31.12,2018-12-28T05:00:00Z,29284,31.26
32.47,33.42,31.29,344,31.29,2018-12-31T05:00:00Z,22121,32.41
33.19,33.27,31.69,152,32.39,2019-01-02T05:00:00Z,42136,32.98
32.72,33.38,32.23,293,32.94,2019-01-03T05:00:00Z,31105,32.8
33.48,33.8,32.26,251,33.29,2019-01-04T05:00:00Z,20538,33.43
33.89,34.0,33.18,215,33.32,2019-01-07T05:00:00Z,42756,33.75
34.66,34.66,33.55,162,34.09,2019-01-08T05:00:00Z,16063,34.3
34.97,35.0,34.02,87,34.7,2019-01-09T05:00:00Z,5458,34.88
34.75,34.88,34.43,216,34.76,2019-01-10T05:00:00Z,12787,34.73
34.01,34.7,33.25,270,34.6,2019-01-11T05:00:00Z,16699,34.13
33.56,33.78,33.06,167,33.73,2019-01-14T05:00:00Z,18484,33.52
33.67,34.27,32.97,202,33.5,2019-01-15T05:00:00Z,11129,33.64
33.7,34.38,33.26,515,33.7,2019-01-16T05:00:00Z,33895,33.8
33.88,35.13,33.25,585,33.44,2019-01-17T05:00:00Z,41781,33.7
33.97,35.49,33.56,525,33.87,2019-01-18T05:00:00Z,50278,34.23
33.13,36.1,32.86,460,33.57,2019-01-22T05:00:00Z,35555,33.41
32.91,33.99,32.34,378,33.23,2019-01-23T05:00:00Z,29376,33.16
33.18,34.39,32.42,265,32.8,2019-01-24T05:00:00Z,25369,33.2
35.07,35.73,33.47,249,33.47,2019-01-25T05:00:00Z,23273,34.6
33.41,34.64,33.41,491,34.64,2019-01-28T05:00:00Z,26416,33.82
34.25,35.03,33.44,351,33.69,2019-01-29T05:00:00Z,23626,34.09
34.6,34.94,34.23,170,34.29,2019-01-30T05:00:00Z,15195,34.62
34.97,35.15,34.31,216,34.51,2019-01-31T05:00:00Z,17151,34.85
34.57,34.96,33.79,201,34.96,2019-02-01T05:00:00Z,18005,34.37
34.66,34.81,34.31,226,34.52,2019-02-04T05:00:00Z,11814,34.61
34.5,35.01,34.45,164,34.91,2019-02-05T05:00:00Z,8952,34.58
34.73,34.8,34.25,238,34.51,2019-02-06T05:00:00Z,19720,34.58
34.33,34.81,34.31,108,34.66,2019-02-07T05:00:00Z,7310,34.46
35.48,35.56,34.26,426,34.26,2019-02-08T05:00:00Z,27003,35.14
35.64,36.01,35.6,243,35.6,2019-02-11T05:00:00Z,13325,35.65
36.04,36.23,35.76,162,35.81,2019-02-12T05:00:00Z,16661,36.06
36.48,36.73,36.15,181,36.16,2019-02-13T05:00:00Z,15165,36.41
37.14,37.27,36.27,318,36.27,2019-02-14T05:00:00Z,21495,36.88
37.36,37.64,36.49,208,37.35,2019-02-15T05:00:00Z,18535,37.38
37.91,38.09,37.17,251,37.17,2019-02-19T05:00:00Z,13189,37.75
37.06,37.91,37.03,132,37.74,2019-02-20T05:00:00Z,10327,37.16
37.3,37.78,36.92,115,37.3,2019-02-21T05:00:00Z,8079,37.28
37.88,38.2,37.22,370,37.46,2019-02-22T05:00:00Z,26686,37.81
37.01,38.43,36.9,244,36.9,2019-02-25T05:00:00Z,22450,37.35
37.74,38.4,37.14,411,37.22,2019-02-26T05:00:00Z,41829,37.51
37.62,38.41,37.39,174,37.53,2019-02-27T05:00:00Z,10897,37.61
37.94,38.23,37.09,119,37.7,2019-02-28T05:00:00Z,12445,37.85
37.74,37.88,36.67,208,36.67,2019-03-01T05:00:00Z,6579,37.66
37.35,37.72,36.93,140,37.72,2019-03-04T05:00:00Z,30143,37.33
37.65,37.7,37.2,239,37.45,2019-03-05T05:00:00Z,4194,37.54
36.1,37.62,36.07,230,37.62,2019-03-06T05:00:00Z,18546,36.5
35.08,36.69,35.03,263,36.11,2019-03-07T05:00:00Z,20132,35.47
35.23,36.14,34.3,322,35.08,2019-03-08T05:00:00Z,22877,35.09
36.25,36.57,35.06,273,35.14,2019-03-11T04:00:00Z,19703,35.82
36.11,36.73,36.06,284,36.08,2019-03-12T04:00:00Z,16672,36.25
36.53,36.81,36.23,155,36.55,2019-03-13T04:00:00Z,11799,36.55
37.03,37.03,36.49,298,36.49,2019-03-14T04:00:00Z,11632,36.78
37.7,37.76,36.99,239,37.0,2019-03-15T04:00:00Z,73755,37.21
37.55,37.87,37.42,413,37.48,2019-03-18T04:00:00Z,19254,37.61
37.33,37.76,37.21,339,37.55,2019-03-19T04:00:00Z,20289,37.49
36.77,37.4,36.77,142,37.05,2019-03-20T04:00:00Z,8881,37.02
36.3,36.98,36.26,199,36.71,2019-03-21T04:00:00Z,17060,36.49
34.0,36.36,34.0,290,36.21,2019-03-22T04:00:00Z,23948,34.75
35.23,36.09,34.17,355,34.26,2019-03-25T04:00:00Z,21538,34.88
36.53,36.54,35.37,450,35.4,2019-03-26T04:00:00Z,28241,36.02
36.53,36.73,36.04,258,36.26,2019-03-27T04:00:00Z,17456,36.47
37.04,37.12,36.42,212,36.42,2019-03-28T04:00:00Z,8485,36.93
37.73,37.86,36.93,276,37.24,2019-03-29T04:00:00Z,56549,37.6
38.27,38.35,37.22,345,37.66,2019-04-01T04:00:00Z,37555,37.94
37.73,38.28,37.59,125,38.28,2019-04-02T04:00:00Z,7115,37.82
37.55,37.65,37.18,132,37.65,2019-04-03T04:00:00Z,9970,37.52
37.56,38.14,36.85,259,37.46,2019-04-04T04:00:00Z,14802,37.5
39.02,39.12,37.84,189,37.84,2019-04-05T04:00:00Z,12271,38.66
38.47,39.28,38.24,352,38.79,2019-04-08T04:00:00Z,26286,38.74
38.18,38.58,38.04,290,38.45,2019-04-09T04:00:00Z,31065,38.19
39.18,39.28,37.98,243,37.98,2019-04-10T04:00:00Z,16971,38.84
38.85,39.24,38.51,201,39.15,2019-04-11T04:00:00Z,13791,38.92
39.1,39.47,38.79,129,39.15,2019-04-12T04:00:00Z,11206,39.09
38.64,39.09,38.61,236,38.9,2019-04-15T04:00:00Z,9281,38.8
39.28,39.38,38.74,148,38.74,2019-04-16T04:00:00Z,9459,39.21
39.23,39.39,38.29,154,39.15,2019-04-17T04:00:00Z,10873,39.15
39.35,39.48,38.37,178,39.08,2019-04-18T04:00:00Z,12352,39.2
38.74,39.48,38.42,302,39.26,2019-04-22T04:00:00Z,10518,38.96
39.4,39.55,38.63,303,38.67,2019-04-23T04:00:00Z,13985,39.31
38.85,39.36,38.74,99,39.36,2019-04-24T04:00:00Z,7466,38.96
38.25,38.97,37.97,113,38.24,2019-04-25T04:00:00Z,10217,38.35
39.12,39.22,38.14,144,38.22,2019-04-26T04:00:00Z,9925,38.75
40.04,40.25,39.12,174,39.12,2019-04-29T04:00:00Z,8824,39.87
39.88,40.5,39.44,372,40.15,2019-04-30T04:00:00Z,43670,39.99
40.92,41.34,39.15,721,39.66,2019-05-01T04:00:00Z,66610,40.45
40.55,41.29,40.5,222,40.74,2019-05-02T04:00:00Z,12180,40.71
41.33,41.34,40.67,295,40.96,2019-05-03T04:00:00Z,15662,41.19
41.32,41.33,40.89,215,40.89,2019-05-06T04:00:00Z,11742,41.2
41.09,41.3,40.79,309,40.79,2019-05-07T04:00:00Z,17890,41.16
41.44,41.6,40.65,417,40.65,2019-05-08T04:00:00Z,27288,41.29
41.21,41.33,40.79,299,41.26,2019-05-09T04:00:00Z,16218,41.21
41.12,41.55,40.58,536,40.58,2019-05-10T04:00:00Z,31303,41.03
40.73,41.28,40.35,496,40.85,2019-05-13T04:00:00Z,24221,40.77
41.44,41.52,40.5,463,40.5,2019-05-14T04:00:00Z,20004,41.2
41.86,42.01,40.99,441,41.15,2019-05-15T04:00:00Z,17884,41.66
41.75,42.61,41.44,473,42.19,2019-05-16T04:00:00Z,30346,41.97
41.17,42.15,41.12,402,41.51,2019-05-17T04:00:00Z,23028,41.53
40.85,41.53,40.61,465,40.83,2019-05-20T04:00:00Z,23504,41.07
40.86,41.39,40.74,665,41.06,2019-05-21T04:00:00Z,52830,40.92
40.48,41.77,40.35,441,40.79,2019-05-22T04:00:00Z,31185,40.7
39.74,40.4,39.07,423,40.16,2019-05-23T04:00:00Z,29789,39.69
40.69,41.54,39.81,360,39.91,2019-05-24T04:00:00Z,23207,40.31
40.21,40.92,40.07,300,40.74,2019-05-28T04:00:00Z,75126,40.22
40.25,40.68,39.39,362,39.98,2019-05-29T04:00:00Z,26741,40.07
39.06,40.36,38.91,418,39.91,2019-05-30T04:00:00Z,21282,39.29
38.68,39.23,38.25,252,38.81,2019-05-31T04:00:00Z,26042,38.56
39.17,39.21,37.82,391,38.58,2019-06-03T04:00:00Z,34537,38.89
40.04,40.29,38.93,566,40.04,2019-06-04T04:00:00Z,25548,39.96
39.32,40.31,39.01,323,39.5,2019-06-05T04:00:00Z,19174,39.36
39.14,39.28,38.47,375,38.81,2019-06-06T04:00:00Z,15874,39.01
39.26,39.49,38.63,514,39.28,2019-06-07T04:00:00Z,16120,39.2
38.67,39.62,38.54,474,39.62,2019-06-10T04:00:00Z,44220,39.04
38.55,38.98,38.19,237,38.98,2019-06-11T04:00:00Z,15945,38.55
39.75,39.93,38.26,332,38.26,2019-06-12T04:00:00Z,15719,39.52
39.76,40.29,39.61,220,39.79,2019-06-13T04:00:00Z,13388,39.81
39.04,40.05,38.73,223,39.77,2019-06-14T04:00:00Z,14091,39.32
39.48,39.73,38.83,358,39.4,2019-06-17T04:00:00Z,22126,39.42
39.01,40.22,38.48,941,39.77,2019-06-18T04:00:00Z,65958,39.44
39.06,39.29,38.67,186,39.01,2019-06-19T04:00:00Z,10636,39.07
39.08,39.85,39.04,278,39.85,2019-06-20T04:00:00Z,14062,39.19
40.26,40.34,38.8,515,38.8,2019-06-21T04:00:00Z,83203,39.94
40.21,40.62,39.93,569,40.26,2019-06-24T04:00:00Z,30173,40.25
40.33,40.45,39.99,319,40.04,2019-06-25T04:00:00Z,20566,40.26
40.28,40.54,40.02,581,40.15,2019-06-26T04:00:00Z,15282,40.32
41.41,41.41,40.44,356,40.52,2019-06-27T04:00:00Z,22686,41.16
42.22,42.93,41.41,459,41.41,2019-06-28T04:00:00Z,103385,42.23
42.48,42.64,41.95,355,42.28,2019-07-01T04:00:00Z,32014,42.44
42.78,44.7,42.26,345,44.7,2019-07-02T04:00:00Z,20192,42.56
43.23,44.04,42.9,134,43.71,2019-07-03T04:00:00Z,6085,43.24
43.69,43.69,43.2,196,43.2,2019-07-05T04:00:00Z,10329,43.51
42.48,43.64,41.87,333,43.64,2019-07-08T04:00:00Z,18664,42.5
42.61,43.01,42.39,215,42.4,2019-07-09T04:00:00Z,13591,42.62
42.26,43.83,42.15,709,43.14,2019-07-10T04:00:00Z,16048,42.47
43.43,43.57,42.38,407,42.4,2019-07-11T04:00:00Z,25574,43.15
42.96,43.88,42.79,493,43.63,2019-07-12T04:00:00Z,28397,43.23
42.13,43.1,42.0,270,43.1,2019-07-15T04:00:00Z,9685,42.4
41.57,41.83,41.27,348,41.72,2019-07-16T04:00:00Z,12871,41.59
41.42,41.67,41.0,459,41.52,2019-07-17T04:00:00Z,13693,41.36
41.71,41.95,40.97,419,41.33,2019-07-18T04:00:00Z,17720,41.48
40.95,42.17,40.35,354,41.36,2019-07-19T04:00:00Z,24836,41.32
38.78,41.44,38.78,970,41.05,2019-07-22T04:00:00Z,88607,39.33
39.82,40.24,39.03,415,39.03,2019-07-23T04:00:00Z,26145,39.51
40.77,40.86,39.56,547,40.01,2019-07-24T04:00:00Z,24851,40.41
39.92,41.24,39.92,317,40.46,2019-07-25T04:00:00Z,26931,40.4
41.22,41.59,39.88,478,39.88,2019-07-26T04:00:00Z,35506,40.91
40.84,41.89,40.71,457,41.0,2019-07-29T04:00:00Z,22676,41.2
41.54,41.96,40.92,317,40.95,2019-07-30T04:00:00Z,24585,41.49
40.54,42.23,40.54,506,41.55,2019-07-31T04:00:00Z,43893,41.06
39.99,41.69,39.6,415,40.61,2019-08-01T04:00:00Z,22599,40.47
40.1,40.22,39.45,832,39.62,2019-08-02T04:00:00Z,17576,39.93
38.08,39.41,37.37,391,39.41,2019-08-05T04:00:00Z,34088,38.08
38.43,39.02,37.55,448,38.21,2019-08-06T04:00:00Z,34356,38.24
37.8,38.43,37.67,298,37.87,2019-08-07T04:00:00Z,24738,37.88
38.69,39.43,38.03,494,38.23,2019-08-08T04:00:00Z,32421,38.76
38.47,39.04,38.42,326,38.62,2019-08-09T04:00:00Z,15221,38.6
37.72,38.45,37.45,319,38.16,2019-08-12T04:00:00Z,14787,37.97
37.86,38.29,37.51,576,37.69,2019-08-13T04:00:00Z,21816,37.82
36.68,37.26,36.22,233,37.26,2019-08-14T04:00:00Z,16685,36.65
36.11,36.76,35.78,490,36.76,2019-08-15T04:00:00Z,17128,36.2
36.56,37.16,36.33,241,36.33,2019-08-16T04:00:00Z,43425,36.57
37.23,37.5,36.9,244,37.25,2019-08-19T04:00:00Z,19076,37.26
36.57,37.08,36.48,213,37.08,2019-08-20T04:00:00Z,12564,36.64
36.79,37.09,36.3,417,36.47,2019-08-21T04:00:00Z,23257,36.7
36.9,37.86,36.89,261,36.9,2019-08-22T04:00:00Z,24533,37.07
35.82,37.78,35.71,605,37.24,2019-08-23T04:00:00Z,40807,36.63
36.74,36.74,35.94,167,36.23,2019-08-26T04:00:00Z,9965,36.48
35.98,37.37,35.5,358,36.91,2019-08-27T04:00:00Z,16234,36.12
36.06,36.41,35.65,225,35.89,2019-08-28T04:00:00Z,15660,36.04
35.44,36.91,35.23,522,36.42,2019-08-29T04:00:00Z,26353,35.71
36.02,36.13,35.48,238,35.61,2019-08-30T04:00:00Z,14852,35.9
34.87,35.85,34.61,256,35.85,2019-09-03T04:00:00Z,14444,35.02
34.89,35.14,34.56,286,35.14,2019-09-04T04:00:00Z,8873,34.86
35.81,36.27,35.14,345,35.14,2019-09-05T04:00:00Z,15648,35.81
35.09,35.93,35.04,250,35.93,2019-09-06T04:00:00Z,13055,35.27
36.01,36.13,34.81,478,35.45,2019-09-09T04:00:00Z,38386,35.49
36.68,36.95,35.25,502,35.86,2019-09-10T04:00:00Z,30438,36.45
38.24,38.53,36.62,697,36.7,2019-09-11T04:00:00Z,22048,37.87
37.79,38.16,37.16,509,38.16,2019-09-12T04:00:00Z,29957,37.71
38.13,38.77,37.51,510,37.85,2019-09-13T04:00:00Z,25192,38.27
38.1,38.32,37.81,496,37.85,2019-09-16T04:00:00Z,25181,38.12
37.64,37.82,37.3,580,37.62,2019-09-17T04:00:00Z,16724,37.59
37.95,38.19,37.39,468,37.67,2019-09-18T04:00:00Z,22329,37.91
37.36,38.85,37.36,776,38.05,2019-09-19T04:00:00Z,27755,37.78
38.54,39.57,36.72,623,37.31,2019-09-20T04:00:00Z,106068,38.01
37.44,38.37,37.22,607,38.17,2019-09-23T04:00:00Z,24562,37.69
36.51,37.56,36.5,425,37.56,2019-09-24T04:00:00Z,96720,36.68
37.0,37.29,36.51,534,36.51,2019-09-25T04:00:00Z,30410,37.0
36.62,37.17,36.39,256,36.97,2019-09-26T04:00:00Z,19160,36.72
36.88,37.11,36.78,448,37.0,2019-09-27T04:00:00Z,17797,36.91
37.09,37.48,36.99,686,37.19,2019-09-30T04:00:00Z,48114,37.18
36.25,37.65,35.97,397,37.45,2019-10-01T04:00:00Z,19613,36.65
36.38,36.38,35.77,331,36.07,2019-10-02T04:00:00Z,21815,36.27
36.05,36.28,35.64,287,36.07,2019-10-03T04:00:00Z,11178,35.94
36.42,36.65,35.94,339,36.14,2019-10-04T04:00:00Z,21600,36.29
36.32,36.71,36.24,290,36.38,2019-10-07T04:00:00Z,19220,36.39
35.69,36.14,35.66,249,36.03,2019-10-08T04:00:00Z,17164,35.86
36.08,36.31,35.69,495,35.99,2019-10-09T04:00:00Z,22659,36.0
36.08,36.5,36.05,208,36.14,2019-10-10T04:00:00Z,13828,36.18
36.88,37.49,36.62,257,36.62,2019-10-11T04:00:00Z,15388,37.0
36.62,36.94,36.44,180,36.74,2019-10-14T04:00:00Z,11469,36.65
36.88,37.42,36.28,292,36.67,2019-10-15T04:00:00Z,21506,36.97
37.08,37.56,36.86,401,37.51,2019-10-16T04:00:00Z,15856,37.11
36.82,37.59,36.66,290,37.43,2019-10-17T04:00:00Z,19986,36.93
36.37,37.37,35.15,813,36.51,2019-10-18T04:00:00Z,50624,36.3
37.9,38.18,36.41,680,36.41,2019-10-21T04:00:00Z,23433,37.5
38.13,38.73,37.9,247,37.9,2019-10-22T04:00:00Z,11423,38.26
37.94,38.67,37.78,207,38.13,2019-10-23T04:00:00Z,7086,38.03
37.3,39.0,37.2,252,39.0,2019-10-24T04:00:00Z,12110,37.42
37.71,37.82,37.27,87,37.27,2019-10-25T04:00:00Z,5835,37.68
37.46,38.02,37.45,230,37.78,2019-10-28T04:00:00Z,10142,37.64
37.83,38.25,37.45,195,37.45,2019-10-29T04:00:00Z,9322,37.95
38.25,38.42,37.72,158,37.95,2019-10-30T04:00:00Z,11492,38.18
37.96,38.08,37.12,234,37.96,2019-10-31T04:00:00Z,19729,37.83
38.23,38.5,38.01,593,38.09,2019-11-01T04:00:00Z,17954,38.24
38.97,39.07,38.36,281,38.43,2019-11-04T05:00:00Z,14004,38.79
39.42,40.01,38.72,366,39.04,2019-11-05T05:00:00Z,20022,39.44
39.46,39.84,38.96,1005,39.4,2019-11-06T05:00:00Z,24910,39.44
39.72,40.0,39.55,182,39.97,2019-11-07T05:00:00Z,11383,39.78
39.69,40.06,38.84,365,38.84,2019-11-08T05:00:00Z,15968,39.6
39.75,39.97,39.31,209,39.69,2019-11-11T05:00:00Z,10565,39.67
39.95,40.12,39.63,184,39.75,2019-11-12T05:00:00Z,11138,39.9
39.63,39.97,39.16,670,39.76,2019-11-13T05:00:00Z,22373,39.6
39.09,39.87,39.03,285,39.49,2019-11-14T05:00:00Z,11998,39.3
39.14,40.25,38.81,242,39.3,2019-11-15T05:00:00Z,14494,39.22
38.86,39.39,38.74,133,39.13,2019-11-18T05:00:00Z,7795,38.91
39.13,39.72,38.54,296,38.54,2019-11-19T05:00:00Z,13558,39.12
38.95,39.58,38.75,345,38.75,2019-11-20T05:00:00Z,32166,39.05
38.46,39.1,38.41,464,39.06,2019-11-21T05:00:00Z,16937,38.63
38.49,39.01,38.19,270,38.65,2019-11-22T05:00:00Z,13150,38.5
39.45,39.86,38.78,421,38.8,2019-11-25T05:00:00Z,17947,39.42
38.93,39.98,38.85,788,39.6,2019-11-26T05:00:00Z,31708,39.16
39.12,39.27,38.75,550,39.26,2019-11-27T05:00:00Z,14991,39.1
39.44,39.71,39.0,264,39.18,2019-11-29T05:00:00Z,10379,39.41
38.57,39.4,38.57,293,39.4,2019-12-02T05:00:00Z,10935,38.7
37.93,38.69,37.44,782,38.31,2019-12-03T05:00:00Z,17664,37.91
37.73,38.32,37.2,506,37.7,2019-12-04T05:00:00Z,34306,37.82
38.1,38.44,37.84,300,37.95,2019-12-05T05:00:00Z,12359,38.14
38.44,38.69,38.13,430,38.65,2019-12-06T05:00:00Z,30400,38.47
39.39,39.53,38.08,340,38.71,2019-12-09T05:00:00Z,29326,39.04
40.34,40.34,39.0,604,39.0,2019-12-10T05:00:00Z,29913,39.99
40.29,40.59,40.11,236,40.4,2019-12-11T05:00:00Z,19971,40.28
40.73,41.25,40.14,889,40.38,2019-12-12T05:00:00Z,31752,41.01
41.27,41.37,40.5,423,40.83,2019-12-13T05:00:00Z,23577,40.9
41.87,42.3,41.59,312,41.71,2019-12-16T05:00:00Z,15078,41.87
41.72,42.35,41.36,825,42.35,2019-12-17T05:00:00Z,23261,41.79
40.85,41.81,39.74,614,41.81,2019-12-18T05:00:00Z,31881,41.01
40.79,40.79,40.25,849,40.42,2019-12-19T05:00:00Z,26610,40.55
39.97,40.92,39.82,495,40.5,2019-12-20T05:00:00Z,91813,40.18
40.24,40.42,39.9,350,40.09,2019-12-23T05:00:00Z,15829,40.16
39.87,40.08,39.1,274,39.94,2019-12-24T05:00:00Z,13533,39.77
40.26,40.77,39.7,225,39.84,2019-12-26T05:00:00Z,11785,40.12
39.96,40.48,39.93,360,40.42,2019-12-27T05:00:00Z,40329,40.12
40.12,40.3,38.84,325,40.09,2019-12-30T05:00:00Z,14442,40.04
40.18,40.33,39.57,190,39.85,2019-12-31T05:00:00Z,12047,40.06
40.06,40.26,39.62,605,39.93,2020-01-02T05:00:00Z,13417,39.97
39.63,40.19,38.98,382,39.67,2020-01-03T05:00:00Z,17905,39.58
39.79,39.96,39.4,443,39.45,2020-01-06T05:00:00Z,17073,39.69
39.87,40.29,39.55,242,39.78,2020-01-07T05:00:00Z,10186,39.82
40.0,40.4,39.93,371,40.01,2020-01-08T05:00:00Z,11971,40.07
39.7,40.49,39.63,305,40.11,2020-01-09T05:00:00Z,13988,39.92
38.7,39.77,38.7,447,39.77,2020-01-10T05:00:00Z,15335,38.86
38.95,39.0,38.54,135,38.84,2020-01-13T05:00:00Z,8460,38.9
38.3,38.84,38.3,527,38.84,2020-01-14T05:00:00Z,23243,38.47
38.2,38.46,37.77,419,38.31,2020-01-15T05:00:00Z,33973,37.99
39.27,39.34,38.11,459,38.11,2020-01-16T05:00:00Z,27221,38.83
39.18,39.63,39.06,461,39.63,2020-01-17T05:00:00Z,23337,39.35
38.11,39.14,38.11,472,39.02,2020-01-21T05:00:00Z,22042,38.36
37.95,38.41,37.51,734,38.11,2020-01-22T05:00:00Z,14677,37.89
37.46,39.41,36.54,567,38.49,2020-01-23T05:00:00Z,39025,37.64
38.37,38.6,37.65,461,37.65,2020-01-24T05:00:00Z,20346,38.26
38.25,38.8,37.75,381,37.75,2020-01-27T05:00:00Z,20088,38.31
38.18,38.47,37.82,451,38.05,2020-01-28T05:00:00Z,14338,38.19
37.51,38.26,37.25,341,38.26,2020-01-29T05:00:00Z,11737,37.63
37.58,37.86,36.91,730,37.33,2020-01-30T05:00:00Z,14837,37.51
35.97,37.36,35.63,301,37.36,2020-01-31T05:00:00Z,24236,36.33
36.48,36.7,36.04,681,36.04,2020-02-03T05:00:00Z,21117,36.42
35.65,37.03,35.63,474,36.74,2020-02-04T05:00:00Z,33137,36.06
36.38,36.98,36.03,880,36.03,2020-02-05T05:00:00Z,27839,36.49
36.6,36.82,35.98,284,36.4,2020-02-06T05:00:00Z,22546,36.5
36.42,36.61,36.36,310,36.36,2020-02-07T05:00:00Z,19305,36.47
36.24,36.52,36.05,230,36.17,2020-02-10T05:00:00Z,12674,36.25
36.4,36.6,36.11,189,36.44,2020-02-11T05:00:00Z,13469,36.45
36.54,36.83,36.12,214,36.59,2020-02-12T05:00:00Z,19124,36.54
36.72,36.72,36.08,681,36.17,2020-02-13T05:00:00Z,18673,36.53
36.36,36.78,36.13,170,36.67,2020-02-14T05:00:00Z,12577,36.39
35.93,36.23,35.81,201,36.05,2020-02-18T05:00:00Z,7216,36.02
35.91,36.15,35.72,145,35.97,2020-02-19T05:00:00Z,8122,35.95
35.96,36.06,35.69,163,35.81,2020-02-20T05:00:00Z,7007,35.91
35.91,36.13,35.75,257,36.0,2020-02-21T05:00:00Z,14122,35.96
35.19,35.77,34.9,248,35.23,2020-02-24T05:00:00Z,15543,35.27
33.81,35.38,33.57,395,35.24,2020-02-25T05:00:00Z,22333,34.07
33.46,34.54,33.02,350,33.93,2020-02-26T05:00:00Z,20731,33.66
31.75,32.96,31.38,495,32.96,2020-02-27T05:00:00Z,31757,32.04
30.68,31.41,30.07,757,30.89,2020-02-28T05:00:00Z,43281,30.68
32.4,32.4,30.88,482,31.32,2020-03-02T05:00:00Z,39594,31.76
30.99,32.95,30.66,416,32.49,2020-03-03T05:00:00Z,23646,31.24
32.05,32.05,30.56,849,31.12,2020-03-04T05:00:00Z,31646,31.49
30.79,31.41,29.64,591,31.26,2020-03-05T05:00:00Z,34672,30.68
30.47,31.16,29.7,807,29.7,2020-03-06T05:00:00Z,24925,30.39
27.48,30.77,26.96,1256,28.35,2020-03-09T04:00:00Z,83999,29.02
30.84,31.44,28.74,1092,28.74,2020-03-10T04:00:00Z,69357,30.31
30.47,31.57,29.53,1316,30.19,2020-03-11T04:00:00Z,77683,30.55
26.77,29.88,26.21,958,28.78,2020-03-12T04:00:00Z,77687,27.91
29.38,29.38,27.47,804,27.47,2020-03-13T04:00:00Z,53126,28.98
26.33,28.09,24.47,958,24.47,2020-03-16T04:00:00Z,63789,26.57
30.29,30.46,26.59,1066,26.59,2020-03-17T04:00:00Z,76820,29.05
26.19,29.34,26.19,1245,28.83,2020-03-18T04:00:00Z,69495,27.6
28.82,29.43,25.3,648,26.02,2020-03-19T04:00:00Z,58068,28.28
24.4,31.07,24.33,1024,28.97,2020-03-20T04:00:00Z,106824,26.99
25.74,25.97,23.78,1558,24.56,2020-03-23T04:00:00Z,67512,24.89
26.56,28.02,23.97,810,27.0,2020-03-24T04:00:00Z,51043,26.38
25.53,27.36,25.19,495,26.37,2020-03-25T04:00:00Z,33897,26.14
26.58,28.03,25.48,365,25.98,2020-03-26T04:00:00Z,28358,26.43
26.13,28.32,25.41,705,25.64,2020-03-27T04:00:00Z,43720,26.3
28.37,28.37,26.12,624,26.45,2020-03-30T04:00:00Z,45475,27.41
28.6,28.6,26.42,1281,28.21,2020-03-31T04:00:00Z,90454,28.01
25.44,28.2,25.34,701,27.79,2020-04-01T04:00:00Z,55551,26.11
26.22,27.38,24.94,731,25.21,2020-04-02T04:00:00Z,35034,26.14
24.49,26.31,24.03,728,25.76,2020-04-03T04:00:00Z,48824,24.53
25.65,25.71,24.52,478,25.11,2020-04-06T04:00:00Z,44891,25.45
25.11,26.67,24.38,636,26.31,2020-04-07T04:00:00Z,58327,25.39
26.39,26.42,25.24,582,25.24,2020-04-08T04:00:00Z,42660,26.02
29.78,29.78,26.6,858,26.6,2020-04-09T04:00:00Z,48288,29.01
27.32,29.66,26.73,429,29.66,2020-04-13T04:00:00Z,30003,27.37
27.24,28.94,26.89,615,28.26,2020-04-14T04:00:00Z,42309,27.46
25.28,27.72,24.8,703,26.23,2020-04-15T04:00:00Z,45229,25.82
24.38,26.48,23.86,860,25.28,2020-04-16T04:00:00Z,47240,24.56
27.05,28.36,25.2,515,25.2,2020-04-17T04:00:00Z,47097,26.66
26.49,27.59,25.98,452,25.98,2020-04-20T04:00:00Z,39831,26.58
26.15,27.97,25.42,1163,25.42,2020-04-21T04:00:00Z,38288,26.27
26.37,27.23,25.72,672,26.23,2020-04-22T04:00:00Z,36810,26.44
26.98,27.91,24.94,1066,25.66,2020-04-23T04:00:00Z,44571,26.85
27.18,27.5,26.19,409,26.82,2020-04-24T04:00:00Z,23163,27.02
28.81,29.26,27.19,446,27.19,2020-04-27T04:00:00Z,38418,28.77
28.57,29.65,27.95,837,29.58,2020-04-28T04:00:00Z,43504,28.78
31.01,31.9,29.42,692,29.42,2020-04-29T04:00:00Z,45445,30.92
28.86,30.32,28.46,1412,30.19,2020-04-30T04:00:00Z,41955,29.07
28.43,28.43,26.91,668,27.71,2020-05-01T04:00:00Z,50027,28.01
27.9,28.68,26.84,687,28.09,2020-05-04T04:00:00Z,44558,27.61
26.54,28.83,26.06,746,28.36,2020-05-05T04:00:00Z,31524,27.33
25.71,26.76,25.29,439,26.76,2020-05-06T04:00:00Z,25254,25.81
25.48,26.4,24.5,1176,26.33,2020-05-07T04:00:00Z,48680,25.58
27.64,27.78,25.84,729,26.3,2020-05-08T04:00:00Z,40239,27.3
26.29,27.02,26.1,622,27.02,2020-05-11T04:00:00Z,55354,26.38
24.94,26.5,24.89,782,26.5,2020-05-12T04:00:00Z,38520,25.33
24.69,25.42,24.32,641,24.94,2020-05-13T04:00:00Z,46284,24.79
24.71,24.89,23.42,941,24.24,2020-05-14T04:00:00Z,51627,24.38
25.04,25.24,24.25,368,24.61,2020-05-15T04:00:00Z,34409,24.9
26.57,26.81,25.47,1300,26.23,2020-05-18T04:00:00Z,59640,26.45
24.85,26.43,24.68,547,26.18,2020-05-19T04:00:00Z,39127,25.01
26.75,27.38,25.48,535,25.48,2020-05-20T04:00:00Z,35752,26.6
26.7,27.3,26.5,286,27.17,2020-05-21T04:00:00Z,18510,26.74
26.51,27.09,25.98,539,26.66,2020-05-22T04:00:00Z,23704,26.46
28.42,28.57,27.59,489,27.68,2020-05-26T04:00:00Z,30527,28.29
30.14,30.3,28.8,596,29.26,2020-05-27T04:00:00Z,31921,29.71
28.86,30.65,28.78,577,30.52,2020-05-28T04:00:00Z,40640,29.48
27.75,28.6,27.57,621,28.6,2020-05-29T04:00:00Z,74668,27.79
27.68,28.59,27.63,530,27.96,2020-06-01T04:00:00Z,39105,27.8
27.39,28.33,26.63,335,28.18,2020-06-02T04:00:00Z,17445,27.36
29.51,29.66,27.68,663,28.03,2020-06-03T04:00:00Z,20514,29.36
29.01,29.58,28.74,307,28.78,2020-06-04T04:00:00Z,16509,29.1
31.43,31.95,30.27,795,30.78,2020-06-05T04:00:00Z,55058,31.17
32.2,32.41,31.56,424,32.08,2020-06-08T04:00:00Z,30886,32.14
31.21,31.95,30.56,417,31.52,2020-06-09T04:00:00Z,23362,31.1
29.15,30.96,28.94,448,30.96,2020-06-10T04:00:00Z,22389,29.53
26.91,27.71,26.42,1131,27.67,2020-06-11T04:00:00Z,42888,27.03
27.9,28.38,26.67,776,28.38,2020-06-12T04:00:00Z,27065,27.64
28.23,28.34,26.56,906,26.78,2020-06-15T04:00:00Z,39252,27.73
28.97,29.57,27.93,820,29.57,2020-06-16T04:00:00Z,33312,29.07
28.02,28.83,27.77,351,28.82,2020-06-17T04:00:00Z,26339,28.11
27.9,28.55,27.57,496,27.57,2020-06-18T04:00:00Z,22764,27.96
28.23,28.34,27.15,512,28.34,2020-06-19T04:00:00Z,84658,28.24
28.0,28.06,27.6,871,27.6,2020-06-22T04:00:00Z,28981,27.94
27.59,28.6,27.57,957,28.6,2020-06-23T04:00:00Z,24005,27.69
26.8,27.58,26.8,836,27.5,2020-06-24T04:00:00Z,31430,27.01
27.72,27.97,26.43,651,26.64,2020-06-25T04:00:00Z,40538,27.42
27.09,27.38,26.19,951,27.38,2020-06-26T04:00:00Z,77720,26.92
28.01,28.29,27.01,597,27.01,2020-06-29T04:00:00Z,25667,27.89
28.57,28.85,27.69,797,27.69,2020-06-30T04:00:00Z,25221,28.5
27.12,28.75,27.12,565,28.75,2020-07-01T04:00:00Z,25903,27.51
27.17,27.98,26.9,480,27.98,2020-07-02T04:00:00Z,19769,27.3
27.13,27.75,26.65,475,27.26,2020-07-06T04:00:00Z,16187,27.09
26.06,26.9,25.88,543,26.71,2020-07-07T04:00:00Z,24100,26.28
25.8,26.5,25.45,566,26.18,2020-07-08T04:00:00Z,32138,25.87
25.05,26.08,25.03,860,25.55,2020-07-09T04:00:00Z,40660,25.35
26.28,26.28,25.16,485,25.21,2020-07-10T04:00:00Z,14797,26.06
26.57,27.03,26.01,551,26.68,2020-07-13T04:00:00Z,23393,26.56
26.52,26.77,26.08,945,26.59,2020-07-14T04:00:00Z,19619,26.46
27.63,27.95,26.26,727,27.26,2020-07-15T04:00:00Z,42927,27.61
27.52,27.7,27.04,339,27.47,2020-07-16T04:00:00Z,24109,27.44
27.91,28.83,26.37,595,27.28,2020-07-17T04:00:00Z,35258,28.04
26.71,28.29,26.55,445,27.82,2020-07-20T04:00:00Z,19287,26.98
27.69,27.95,27.13,494,27.22,2020-07-21T04:00:00Z,18807,27.63
26.64,27.4,26.43,561,27.29,2020-07-22T04:00:00Z,22514,26.74
27.33,27.52,26.57,699,26.57,2020-07-23T04:00:00Z,27342,27.24
26.9,27.61,26.77,528,27.5,2020-07-24T04:00:00Z,19527,27.07
27.54,27.85,26.83,734,26.83,2020-07-27T04:00:00Z,34969,27.5
27.34,28.16,27.34,364,27.69,2020-07-28T04:00:00Z,20670,27.67
28.13,28.17,27.33,410,27.81,2020-07-29T04:00:00Z,25450,27.92
26.78,27.66,26.65,652,27.66,2020-07-30T04:00:00Z,29197,26.99
26.4,27.1,26.14,757,26.82,2020-07-31T04:00:00Z,45124,26.56
26.92,26.92,26.43,435,26.43,2020-08-03T04:00:00Z,17371,26.76
26.86,27.06,26.51,1052,27.04,2020-08-04T04:00:00Z,21874,26.8
27.2,27.43,26.78,302,26.78,2020-08-05T04:00:00Z,21354,27.15
27.03,27.4,26.86,174,27.34,2020-08-06T04:00:00Z,8502,27.13
28.23,28.45,27.15,494,27.26,2020-08-07T04:00:00Z,18676,28.01
28.64,29.26,28.26,303,28.26,2020-08-10T04:00:00Z,17539,28.73
29.13,29.73,29.12,456,29.19,2020-08-11T04:00:00Z,19708,29.28
29.26,29.75,28.6,327,29.75,2020-08-12T04:00:00Z,13748,29.22
28.5,28.92,28.38,307,28.92,2020-08-13T04:00:00Z,12997,28.57
28.23,28.54,28.14,531,28.16,2020-08-14T04:00:00Z,14266,28.3
27.88,28.64,27.86,411,28.45,2020-08-17T04:00:00Z,25937,28.05
26.84,28.16,26.74,591,27.74,2020-08-18T04:00:00Z,28684,26.97
27.15,27.41,26.78,648,26.98,2020-08-19T04:00:00Z,21565,27.08
26.84,27.19,26.55,513,26.87,2020-08-20T04:00:00Z,19358,26.89
26.08,26.57,25.72,773,26.57,2020-08-21T04:00:00Z,38775,26.21
27.31,27.31,26.27,549,26.29,2020-08-24T04:00:00Z,19439,26.89
27.69,27.73,27.27,507,27.64,2020-08-25T04:00:00Z,16874,27.57
26.47,27.41,26.47,435,27.41,2020-08-26T04:00:00Z,18321,26.74
27.07,27.31,26.74,449,26.74,2020-08-27T04:00:00Z,17475,27.0
27.05,27.26,26.64,383,27.03,2020-08-28T04:00:00Z,18131,27.04
26.87,27.09,26.59,539,26.97,2020-08-31T04:00:00Z,36830,26.86
27.24,27.39,26.77,471,26.92,2020-09-01T04:00:00Z,24550,27.16
27.37,27.37,26.79,728,27.05,2020-09-02T04:00:00Z,18619,27.16
27.17,27.46,26.91,512,27.19,2020-09-03T04:00:00Z,18794,27.16
27.4,27.62,27.2,471,27.51,2020-09-04T04:00:00Z,17858,27.38
27.79,27.83,26.8,984,27.45,2020-09-08T04:00:00Z,32181,27.47
28.15,28.31,27.85,986,27.85,2020-09-09T04:00:00Z,34610,28.13
28.28,28.58,28.04,691,28.18,2020-09-10T04:00:00Z,31033,28.27
27.4,28.5,27.28,646,28.43,2020-09-11T04:00:00Z,29833,27.7
27.76,27.88,27.41,624,27.44,2020-09-14T04:00:00Z,19548,27.71
27.39,29.0,27.29,709,27.77,2020-09-15T04:00:00Z,18798,27.47
27.18,27.97,26.9,611,27.56,2020-09-16T04:00:00Z,49619,27.29
26.71,27.29,26.69,587,27.03,2020-09-17T04:00:00Z,33582,26.83
26.81,27.08,26.15,708,27.08,2020-09-18T04:00:00Z,110390,26.85
25.09,26.25,24.82,698,26.23,2020-09-21T04:00:00Z,47956,25.21
24.77,25.53,24.64,544,25.13,2020-09-22T04:00:00Z,34621,24.79
24.16,25.52,24.12,734,24.77,2020-09-23T04:00:00Z,28472,24.47
24.53,25.0,24.25,836,24.37,2020-09-24T04:00:00Z,21553,24.52
24.73,24.86,24.31,592,24.31,2020-09-25T04:00:00Z,19632,24.71
25.09,25.5,24.83,905,24.83,2020-09-28T04:00:00Z,20579,25.15
24.82,25.19,24.42,1004,25.18,2020-09-29T04:00:00Z,25621,24.83
24.83,25.25,24.67,470,25.17,2020-09-30T04:00:00Z,17724,24.88
24.67,25.25,24.0,528,24.96,2020-10-01T04:00:00Z,26240,24.65
25.54,25.63,24.51,512,24.95,2020-10-02T04:00:00Z,27611,25.47
26.79,26.79,25.6,470,25.75,2020-10-05T04:00:00Z,19278,26.56
26.66,27.64,26.62,582,26.81,2020-10-06T04:00:00Z,18173,26.9
27.12,27.33,26.68,321,26.8,2020-10-07T04:00:00Z,19898,27.08
27.36,27.72,26.68,438,27.46,2020-10-08T04:00:00Z,19299,27.26
27.62,27.74,27.08,325,27.56,2020-10-09T04:00:00Z,14529,27.5
28.23,28.44,27.33,228,27.4,2020-10-12T04:00:00Z,13600,28.11
27.69,28.13,27.34,335,28.13,2020-10-13T04:00:00Z,20102,27.69
27.02,27.63,26.96,293,27.63,2020-10-14T04:00:00Z,10042,27.15
27.63,27.72,26.51,316,27.12,2020-10-15T04:00:00Z,18085,27.48
28.96,29.67,27.21,529,27.21,2020-10-16T04:00:00Z,31839,28.63
28.23,28.88,28.14,374,28.67,2020-10-19T04:00:00Z,10046,28.35
29.24,29.61,28.49,415,28.49,2020-10-20T04:00:00Z,19179,29.14
29.44,29.74,28.97,318,29.28,2020-10-21T04:00:00Z,18876,29.41
30.51,30.73,29.44,421,29.44,2020-10-22T04:00:00Z,25169,30.38
30.78,30.85,30.35,274,30.66,2020-10-23T04:00:00Z,13641,30.68
30.35,30.35,29.81,621,30.26,2020-10-26T04:00:00Z,13662,30.21
29.56,30.34,29.33,351,30.1,2020-10-27T04:00:00Z,16818,29.59
29.14,29.43,28.5,440,29.0,2020-10-28T04:00:00Z,26843,29.11
29.51,29.7,28.73,311,28.92,2020-10-29T04:00:00Z,14422,29.34
29.39,29.55,28.99,785,29.12,2020-10-30T04:00:00Z,27560,29.36
29.84,29.97,29.23,275,29.54,2020-11-02T05:00:00Z,15697,29.71
31.07,31.12,30.01,547,30.24,2020-11-03T05:00:00Z,26355,30.78
29.11,30.83,29.1,402,30.83,2020-11-04T05:00:00Z,21473,29.74
29.59,29.73,29.1,448,29.2,2020-11-05T05:00:00Z,20883,29.53
28.42,29.14,28.22,356,29.14,2020-11-06T05:00:00Z,20201,28.5
31.15,32.21,30.18,832,30.69,2020-11-09T05:00:00Z,40363,31.19
32.98,33.25,31.07,624,31.6,2020-11-10T05:00:00Z,28950,32.64
32.42,32.99,31.66,268,32.99,2020-11-11T05:00:00Z,19632,32.27
31.21,31.71,30.88,477,31.71,2020-11-12T05:00:00Z,17476,31.22
32.0,33.13,31.57,414,31.57,2020-11-13T05:00:00Z,19562,32.06
33.39,33.41,32.86,607,33.07,2020-11-16T05:00:00Z,26051,33.25
33.07,33.26,32.62,319,32.71,2020-11-17T05:00:00Z,14602,33.04
32.26,33.2,32.26,305,33.2,2020-11-18T05:00:00Z,19995,32.52
32.34,32.46,31.52,348,32.25,2020-11-19T05:00:00Z,13661,32.15
31.92,32.31,31.64,417,31.88,2020-11-20T05:00:00Z,22050,31.89
31.87,32.41,31.77,345,31.77,2020-11-23T05:00:00Z,18956,32.04
33.94,33.94,32.46,636,32.52,2020-11-24T05:00:00Z,31666,33.67
32.98,33.51,32.57,332,33.51,2020-11-25T05:00:00Z,16807,33.07
33.07,33.07,32.25,314,32.67,2020-11-27T05:00:00Z,9784,32.88
31.13,32.71,30.92,571,32.71,2020-11-30T05:00:00Z,35076,31.43
31.77,32.33,31.35,703,31.92,2020-12-01T05:00:00Z,25939,31.77
32.28,32.57,32.05,644,32.05,2020-12-02T05:00:00Z,16452,32.25
32.2,32.46,31.89,313,32.23,2020-12-03T05:00:00Z,11084,32.18
33.69,33.83,31.49,580,31.49,2020-12-04T05:00:00Z,19244,33.24
32.84,33.46,32.74,572,32.98,2020-12-07T05:00:00Z,25617,32.89
33.34,33.71,32.36,315,32.37,2020-12-08T05:00:00Z,16077,33.22
33.09,33.76,32.98,480,33.59,2020-12-09T05:00:00Z,22734,33.24
32.9,33.31,32.52,463,32.92,2020-12-10T05:00:00Z,20733,32.84
32.21,33.02,32.21,660,32.53,2020-12-11T05:00:00Z,34041,32.35
32.44,33.51,32.44,720,32.45,2020-12-14T05:00:00Z,34262,32.65
33.53,33.84,32.56,598,32.63,2020-12-15T05:00:00Z,33853,33.35
33.57,33.95,33.22,468,33.29,2020-12-16T05:00:00Z,26362,33.63
33.54,33.83,33.02,429,33.63,2020-12-17T05:00:00Z,23278,33.54
32.4,33.85,32.4,892,33.7,2020-12-18T05:00:00Z,130977,33.02
32.07,32.84,31.37,587,32.3,2020-12-21T05:00:00Z,29778,32.02
31.83,32.49,31.56,585,31.96,2020-12-22T05:00:00Z,31718,31.82
32.34,32.48,31.54,371,31.81,2020-12-23T05:00:00Z,23806,32.07
32.3,32.42,32.27,81,32.28,2020-12-24T05:00:00Z,3398,32.3
32.25,32.79,32.25,189,32.79,2020-12-28T05:00:00Z,8764,32.4
31.83,32.43,31.35,316,32.43,2020-12-29T05:00:00Z,26944,31.93
31.67,31.93,31.6,306,31.74,2020-12-30T05:00:00Z,12909,31.7
32.05,32.31,31.51,272,31.51,2020-12-31T05:00:00Z,16832,31.99
31.7,32.22,31.52,645,32.2,2021-01-04T05:00:00Z,25696,31.71
32.15,32.42,31.77,426,31.83,2021-01-05T05:00:00Z,15338,32.14
34.46,35.17,32.83,602,32.83,2021-01-06T05:00:00Z,33673,34.31
34.51,35.13,33.96,406,35.13,2021-01-07T05:00:00Z,26527,34.5
33.93,34.75,32.98,426,34.75,2021-01-08T05:00:00Z,20488,33.84
34.06,34.06,33.29,206,33.29,2021-01-11T05:00:00Z,11883,33.88
34.58,34.68,34.08,371,34.31,2021-01-12T05:00:00Z,18917,34.51
34.07,34.34,33.89,564,34.23,2021-01-13T05:00:00Z,19905,34.07
34.88,35.99,34.07,519,34.21,2021-01-14T05:00:00Z,26679,34.97
34.73,35.34,34.16,441,34.58,2021-01-15T05:00:00Z,27705,34.77
34.64,35.93,34.37,368,35.93,2021-01-19T05:00:00Z,17771,34.7
34.02,35.13,33.86,575,34.65,2021-01-20T05:00:00Z,29179,34.11
33.89,34.48,33.5,369,33.79,2021-01-21T05:00:00Z,25845,33.9
35.15,35.15,33.42,354,33.42,2021-01-22T05:00:00Z,32026,34.84
33.72,34.52,33.11,586,34.52,2021-01-25T05:00:00Z,25222,33.66
33.58,33.82,33.37,357,33.72,2021-01-26T05:00:00Z,19578,33.64
32.24,33.11,31.86,765,32.68,2021-01-27T05:00:00Z,41487,32.29
32.51,33.01,32.07,402,32.95,2021-01-28T05:00:00Z,20337,32.5
32.07,33.32,32.04,871,32.48,2021-01-29T05:00:00Z,38605,32.4
32.34,32.82,31.63,497,32.15,2021-02-01T05:00:00Z,29728,32.2
33.14,33.43,32.45,497,32.54,2021-02-02T05:00:00Z,38125,33.02
33.48,33.74,32.77,326,32.95,2021-02-03T05:00:00Z,19181,33.38
34.74,34.74,32.99,690,33.4,2021-02-04T05:00:00Z,29719,34.42
34.87,35.33,34.41,497,34.6,2021-02-05T05:00:00Z,21976,34.89
36.77,36.77,35.32,846,35.33,2021-02-08T05:00:00Z,31241,36.31
37.77,37.89,36.41,558,36.7,2021-02-09T05:00:00Z,26020,37.33
37.39,38.06,36.26,402,37.83,2021-02-10T05:00:00Z,31729,37.39
36.88,37.66,36.71,504,37.32,2021-02-11T05:00:00Z,32328,37.12
36.62,37.05,36.43,450,37.0,2021-02-12T05:00:00Z,25559,36.7
36.26,37.01,36.26,513,36.83,2021-02-16T05:00:00Z,31885,36.54
35.92,36.43,35.5,915,35.99,2021-02-17T05:00:00Z,101204,35.78
35.95,36.28,35.26,641,35.82,2021-02-18T05:00:00Z,78373,35.69
37.39,37.75,36.02,565,36.02,2021-02-19T05:00:00Z,36970,37.04
38.25,38.46,37.01,798,37.01,2021-02-22T05:00:00Z,43910,38.14
38.01,39.08,37.75,921,38.1,2021-02-23T05:00:00Z,75963,38.11
38.65,38.99,38.01,737,38.01,2021-02-24T05:00:00Z,41989,38.6
37.92,38.93,37.89,920,38.9,2021-02-25T05:00:00Z,77409,38.21
37.35,38.29,37.35,779,38.2,2021-02-26T05:00:00Z,58584,37.65
38.37,38.72,37.29,951,37.77,2021-03-01T05:00:00Z,58048,38.02
37.54,38.21,37.29,598,38.21,2021-03-02T05:00:00Z,69306,37.45
38.57,39.12,37.85,671,37.85,2021-03-03T05:00:00Z,42644,38.55
38.29,39.33,37.46,935,38.7,2021-03-04T05:00:00Z,45314,38.33
39.03,39.56,37.9,867,38.85,2021-03-05T05:00:00Z,48919,38.83
39.81,40.27,38.92,940,39.09,2021-03-08T05:00:00Z,58387,39.71
39.35,40.41,39.24,525,39.77,2021-03-09T05:00:00Z,26492,39.61
40.44,40.68,38.87,679,39.09,2021-03-10T05:00:00Z,29722,40.11
40.85,40.85,40.12,642,40.61,2021-03-11T05:00:00Z,34244,40.7
41.64,41.89,41.02,737,41.02,2021-03-12T05:00:00Z,37258,41.6
41.08,42.18,40.72,644,41.73,2021-03-15T04:00:00Z,34193,41.28
40.45,40.99,39.78,463,39.78,2021-03-16T04:00:00Z,25524,40.4
40.79,40.89,40.2,673,40.44,2021-03-17T04:00:00Z,32608,40.64
41.05,42.04,40.7,577,40.73,2021-03-18T04:00:00Z,31418,41.05
40.63,41.18,39.82,672,41.18,2021-03-19T04:00:00Z,155766,40.73
39.53,41.15,39.0,486,41.15,2021-03-22T04:00:00Z,20782,39.68
38.46,39.34,38.44,413,39.11,2021-03-23T04:00:00Z,18894,38.63
39.03,40.45,38.94,623,39.01,2021-03-24T04:00:00Z,21162,39.36
40.46,40.78,38.4,845,39.11,2021-03-25T04:00:00Z,46780,40.16
40.88,41.44,40.65,493,40.66,2021-03-26T04:00:00Z,30498,40.9
39.96,40.74,39.45,495,40.64,2021-03-29T04:00:00Z,21760,39.96
40.47,41.13,40.14,951,40.32,2021-03-30T04:00:00Z,35652,40.58
39.62,40.42,39.4,627,40.33,2021-03-31T04:00:00Z,65191,39.68
40.58,40.59,39.5,739,39.5,2021-04-01T04:00:00Z,35374,40.41
40.56,40.88,40.25,563,40.75,2021-04-05T04:00:00Z,14017,40.51
40.34,40.47,39.94,686,39.94,2021-04-06T04:00:00Z,17828,40.26
40.23,40.55,40.09,647,40.24,2021-04-07T04:00:00Z,33473,40.24
40.42,40.69,39.84,667,40.01,2021-04-08T04:00:00Z,28900,40.36
40.68,40.86,40.25,407,40.25,2021-04-09T04:00:00Z,18257,40.66
40.69,40.69,40.44,207,40.67,2021-04-12T04:00:00Z,8089,40.64
40.5,40.71,40.25,414,40.3,2021-04-13T04:00:00Z,20178,40.48
40.7,40.79,40.43,256,40.43,2021-04-14T04:00:00Z,7378,40.69
40.64,40.64,39.85,246,39.85,2021-04-15T04:00:00Z,12481,40.51
40.8,41.16,40.34,521,40.64,2021-04-16T04:00:00Z,22124,40.72
40.35,40.8,39.91,544,40.8,2021-04-19T04:00:00Z,21308,40.31
39.76,40.56,39.49,463,40.14,2021-04-20T04:00:00Z,20057,39.84
40.43,40.8,39.79,313,39.79,2021-04-21T04:00:00Z,16169,40.33
40.18,40.89,39.91,481,40.43,2021-04-22T04:00:00Z,23386,40.25
40.55,41.02,40.48,397,40.7,2021-04-23T04:00:00Z,21928,40.65
39.71,40.77,39.68,398,40.66,2021-04-26T04:00:00Z,16761,40.0
39.72,40.06,39.49,740,39.99,2021-04-27T04:00:00Z,30345,39.75
39.75,40.19,39.52,975,40.06,2021-04-28T04:00:00Z,36172,39.87
40.22,40.81,39.63,481,40.81,2021-04-29T04:00:00Z,25004,40.13
40.19,40.51,39.57,1257,39.8,2021-04-30T04:00:00Z,48129,40.17
40.85,41.03,40.19,661,40.55,2021-05-03T04:00:00Z,24832,40.73
40.39,40.85,40.18,699,40.57,2021-05-04T04:00:00Z,24774,40.49
40.35,40.71,39.89,490,40.63,2021-05-05T04:00:00Z,19112,40.4
40.35,40.58,39.59,453,39.96,2021-05-06T04:00:00Z,26964,40.15
40.61,40.96,39.92,432,40.03,2021-05-07T04:00:00Z,18119,40.55
39.74,40.77,39.74,568,40.77,2021-05-10T04:00:00Z,23100,39.91
39.32,39.79,38.84,457,39.31,2021-05-11T04:00:00Z,17310,39.32
38.6,39.49,38.18,588,39.37,2021-05-12T04:00:00Z,28118,38.74
40.21,40.35,38.89,548,38.89,2021-05-13T04:00:00Z,15848,40.02
40.94,40.96,40.17,523,40.48,2021-05-14T04:00:00Z,23056,40.76
40.74,41.08,40.42,341,40.64,2021-05-17T04:00:00Z,11825,40.72
40.18,41.12,40.18,566,40.74,2021-05-18T04:00:00Z,16774,40.54
40.37,40.47,39.37,525,39.73,2021-05-19T04:00:00Z,16612,40.22
40.32,40.66,39.68,604,40.08,2021-05-20T04:00:00Z,19425,40.28
41.3,41.3,40.22,1079,40.7,2021-05-21T04:00:00Z,37040,41.07
40.55,41.32,40.51,853,41.22,2021-05-24T04:00:00Z,32920,40.75
39.75,40.98,39.75,782,40.81,2021-05-25T04:00:00Z,31789,40.32
40.98,41.13,39.95,698,39.99,2021-05-26T04:00:00Z,30982,40.81
41.76,41.85,41.11,727,41.25,2021-05-27T04:00:00Z,101975,41.73
41.55,41.92,40.81,597,41.73,2021-05-28T04:00:00Z,33575,41.48
42.02,42.35,41.35,812,41.35,2021-06-01T04:00:00Z,34919,42.06
41.25,42.44,41.16,1048,42.36,2021-06-02T04:00:00Z,26142,41.53
41.82,41.89,41.27,674,41.34,2021-06-03T04:00:00Z,22694,41.69
41.66,42.35,41.63,821,41.73,2021-06-04T04:00:00Z,28705,41.72
41.82,42.04,41.66,840,41.74,2021-06-07T04:00:00Z,35452,41.82
41.95,42.34,41.7,592,41.72,2021-06-08T04:00:00Z,27034,41.95
41.7,41.99,41.4,779,41.82,2021-06-09T04:00:00Z,43047,41.74
41.66,42.0,41.59,929,41.93,2021-06-10T04:00:00Z,55539,41.81
42.49,42.62,41.75,982,41.75,2021-06-11T04:00:00Z,37877,42.32
41.87,42.91,41.77,846,42.42,2021-06-14T04:00:00Z,51409,42.29
42.98,43.16,41.99,645,42.09,2021-06-15T04:00:00Z,45003,42.72
43.35,43.82,42.58,1149,42.63,2021-06-16T04:00:00Z,49332,43.22
41.91,43.86,41.75,1393,43.67,2021-06-17T04:00:00Z,51707,42.29
40.76,41.47,40.47,1276,41.19,2021-06-18T04:00:00Z,110062,40.94
41.88,42.23,41.04,1443,41.04,2021-06-21T04:00:00Z,56427,41.91
41.61,42.12,41.15,1147,41.88,2021-06-22T04:00:00Z,60928,41.68
41.84,42.18,41.64,1186,41.78,2021-06-23T04:00:00Z,59983,41.92
42.28,42.45,41.53,1053,41.53,2021-06-24T04:00:00Z,37851,42.21
42.21,43.02,41.91,1295,42.45,2021-06-25T04:00:00Z,282971,42.26
41.54,42.07,41.39,848,42.07,2021-06-28T04:00:00Z,38303,41.69
41.44,41.96,41.44,849,41.9,2021-06-29T04:00:00Z,38758,41.6
41.53,41.92,41.23,968,41.23,2021-06-30T04:00:00Z,40327,41.64
41.84,42.09,41.47,662,41.7,2021-07-01T04:00:00Z,38217,41.77
41.5,41.98,41.4,645,41.67,2021-07-02T04:00:00Z,38536,41.62
40.69,40.73,39.84,705,40.4,2021-07-06T04:00:00Z,30992,40.45
40.86,40.93,40.47,773,40.57,2021-07-07T04:00:00Z,46349,40.78
40.68,41.1,40.05,965,40.05,2021-07-08T04:00:00Z,42332,40.64
41.65,41.82,39.81,569,39.81,2021-07-09T04:00:00Z,16914,41.55
41.81,41.98,40.99,687,41.41,2021-07-12T04:00:00Z,31928,41.8
41.61,41.87,41.29,1551,41.81,2021-07-13T04:00:00Z,46458,41.64
41.63,41.88,41.34,1049,41.72,2021-07-14T04:00:00Z,50057,41.65
42.28,42.28,41.07,875,41.28,2021-07-15T04:00:00Z,39617,41.84
41.96,42.72,41.88,810,42.57,2021-07-16T04:00:00Z,57268,42.17
41.12,41.8,40.8,922,41.29,2021-07-19T04:00:00Z,40945,41.15
42.03,43.19,41.15,1262,41.15,2021-07-20T04:00:00Z,76721,42.23
42.92,43.32,42.0,1307,42.0,2021-07-21T04:00:00Z,35637,42.97
42.39,42.9,42.18,758,42.9,2021-07-22T04:00:00Z,26799,42.5
43.76,43.76,42.86,513,42.86,2021-07-23T04:00:00Z,24950,43.45
43.33,44.0,43.29,691,44.0,2021-07-26T04:00:00Z,37047,43.53
43.41,43.75,42.8,800,43.12,2021-07-27T04:00:00Z,37101,43.46
43.58,43.82,42.96,998,43.4,2021-07-28T04:00:00Z,34759,43.45
43.97,44.38,43.46,557,43.52,2021-07-29T04:00:00Z,33643,44.04
43.9,44.3,43.76,618,43.76,2021-07-30T04:00:00Z,34600,43.97
44.32,44.58,43.87,1203,43.87,2021-08-02T04:00:00Z,50857,44.3
44.75,44.97,44.14,1105,44.49,2021-08-03T04:00:00Z,49709,44.67
44.41,44.83,44.32,595,44.36,2021-08-04T04:00:00Z,33517,44.51
44.27,44.74,44.15,588,44.43,2021-08-05T04:00:00Z,40007,44.37
45.19,45.5,44.48,1109,44.48,2021-08-06T04:00:00Z,39708,45.16
45.07,45.47,44.87,1112,45.22,2021-08-09T04:00:00Z,29794,45.08
45.42,45.47,44.58,478,44.58,2021-08-10T04:00:00Z,21978,45.28
45.59,45.69,45.07,441,45.33,2021-08-11T04:00:00Z,23347,45.44
45.09,45.41,44.99,616,45.07,2021-08-12T04:00:00Z,22818,45.11
45.05,45.22,44.9,489,45.02,2021-08-13T04:00:00Z,30867,45.07
45.06,45.24,44.51,662,44.98,2021-08-16T04:00:00Z,24183,45.03
45.12,45.24,44.71,668,44.99,2021-08-17T04:00:00Z,27041,45.05
45.2,45.66,45.02,907,45.05,2021-08-18T04:00:00Z,35025,45.23
44.74,45.04,44.72,1415,44.73,2021-08-19T04:00:00Z,85387,44.85
45.11,45.47,44.57,1279,44.57,2021-08-20T04:00:00Z,57572,45.04
44.95,45.36,44.94,1085,45.32,2021-08-23T04:00:00Z,23339,45.06
44.93,45.14,44.75,821,44.84,2021-08-24T04:00:00Z,34104,44.96
45.11,45.31,44.79,1330,44.9,2021-08-25T04:00:00Z,47280,45.11
44.57,45.29,44.48,1212,45.17,2021-08-26T04:00:00Z,52872,44.82
45.71,45.83,44.63,919,44.63,2021-08-27T04:00:00Z,39943,45.57
44.93,45.87,44.93,702,45.87,2021-08-30T04:00:00Z,26203,45.07
45.14,45.22,44.73,521,45.21,2021-08-31T04:00:00Z,27585,45.06
45.64,45.76,44.7,1003,44.91,2021-09-01T04:00:00Z,37993,45.34
46.2,46.27,45.61,803,45.61,2021-09-02T04:00:00Z,36842,46.05
46.14,46.42,46.05,754,46.05,2021-09-03T04:00:00Z,38031,46.21
44.95,46.32,44.81,1042,46.32,2021-09-07T04:00:00Z,40756,45.35
44.98,45.1,44.73,1046,44.73,2021-09-08T04:00:00Z,37715,44.96
45.07,45.33,44.84,579,44.84,2021-09-09T04:00:00Z,27214,45.08
44.42,45.02,44.33,855,44.33,2021-09-10T04:00:00Z,29590,44.7
44.87,44.99,44.53,808,44.72,2021-09-13T04:00:00Z,28942,44.8
44.24,44.65,44.15,625,44.65,2021-09-14T04:00:00Z,26304,44.36
44.82,45.1,44.24,759,44.24,2021-09-15T04:00:00Z,39925,44.84
44.55,45.07,44.18,557,44.66,2021-09-16T04:00:00Z,30491,44.57
44.2,44.76,43.72,1471,44.49,2021-09-17T04:00:00Z,472066,44.24
43.69,43.87,43.13,1771,43.4,2021-09-20T04:00:00Z,55167,43.48
43.73,44.15,43.52,795,43.84,2021-09-21T04:00:00Z,33828,43.8
44.28,44.65,43.77,798,44.07,2021-09-22T04:00:00Z,37677,44.32
45.25,45.72,44.44,893,44.44,2021-09-23T04:00:00Z,36370,45.21
45.61,45.86,45.3,902,45.3,2021-09-24T04:00:00Z,62780,45.74
47.03,47.58,45.8,735,45.8,2021-09-27T04:00:00Z,31555,46.87
46.36,47.4,46.18,956,47.14,2021-09-28T04:00:00Z,37689,46.55
46.52,46.59,45.8,639,46.43,2021-09-29T04:00:00Z,21259,46.39
45.89,46.76,45.78,462,46.75,2021-09-30T04:00:00Z,24736,46.01
46.9,47.29,45.73,970,45.84,2021-10-01T04:00:00Z,39487,46.64
46.63,46.84,46.09,499,46.84,2021-10-04T04:00:00Z,23696,46.57
46.81,46.92,46.2,371,46.61,2021-10-05T04:00:00Z,14751,46.72
46.86,46.9,46.13,635,46.44,2021-10-06T04:00:00Z,19066,46.66
47.2,47.64,46.41,588,47.08,2021-10-07T04:00:00Z,23967,47.02
47.2,47.56,47.07,440,47.11,2021-10-08T04:00:00Z,12938,47.21
46.61,46.98,46.52,589,46.95,2021-10-11T04:00:00Z,12127,46.63
46.69,46.77,46.05,353,46.05,2021-10-12T04:00:00Z,14834,46.63
46.62,46.78,46.05,507,46.61,2021-10-13T04:00:00Z,13736,46.53
47.08,47.26,46.53,747,46.97,2021-10-14T04:00:00Z,50156,47.05
47.17,47.78,46.97,884,47.67,2021-10-15T04:00:00Z,42077,47.35
47.45,47.45,46.99,498,47.29,2021-10-18T04:00:00Z,17730,47.3
47.31,47.66,47.15,553,47.66,2021-10-19T04:00:00Z,20016,47.34
48.17,48.17,47.38,504,47.57,2021-10-20T04:00:00Z,15943,47.97
48.21,48.56,48.1,512,48.21,2021-10-21T04:00:00Z,15298,48.28
48.37,48.61,48.11,403,48.11,2021-10-22T04:00:00Z,12991,48.41
48.74,48.86,48.38,319,48.51,2021-10-25T04:00:00Z,10709,48.71
48.28,48.92,48.19,469,48.92,2021-10-26T04:00:00Z,13894,48.34
47.85,48.27,47.11,736,47.92,2021-10-27T04:00:00Z,22130,47.91
48.79,49.22,48.16,699,48.16,2021-10-28T04:00:00Z,18507,48.67
48.94,49.14,48.42,430,48.97,2021-10-29T04:00:00Z,18824,48.9
49.7,49.83,49.04,698,49.04,2021-11-01T04:00:00Z,16673,49.64
49.58,50.13,49.23,620,49.82,2021-11-02T04:00:00Z,18341,49.64
50.95,51.42,49.58,614,49.58,2021-11-03T04:00:00Z,21810,50.79
50.58,51.02,50.06,761,50.06,2021-11-04T04:00:00Z,17354,50.64
51.71,52.2,50.7,612,51.05,2021-11-05T04:00:00Z,29764,51.55
51.83,52.2,51.05,424,51.8,2021-11-08T05:00:00Z,16098,51.73
51.05,51.43,50.17,486,51.39,2021-11-09T05:00:00Z,18463,51.1
51.37,51.6,50.74,631,51.24,2021-11-10T05:00:00Z,13458,51.35
51.17,51.83,50.99,508,51.44,2021-11-11T05:00:00Z,12007,51.31
50.74,51.25,50.62,209,51.25,2021-11-12T05:00:00Z,6830,50.76
50.32,50.69,50.09,398,50.69,2021-11-15T05:00:00Z,13906,50.34
50.33,50.77,50.19,564,50.58,2021-11-16T05:00:00Z,14827,50.35
50.47,50.47,49.67,671,50.05,2021-11-17T05:00:00Z,17713,50.31
50.33,50.33,49.81,569,50.28,2021-11-18T05:00:00Z,22543,50.27
49.5,50.06,49.5,662,49.84,2021-11-19T05:00:00Z,38839,49.62
50.35,50.95,49.87,712,49.87,2021-11-22T05:00:00Z,45250,50.52
50.45,51.16,49.65,617,50.82,2021-11-23T05:00:00Z,25857,50.46
50.29,50.76,50.07,327,50.19,2021-11-24T05:00:00Z,16695,50.46
48.07,49.21,47.11,561,49.05,2021-11-26T05:00:00Z,22344,47.95
47.0,48.15,46.9,546,48.15,2021-11-29T05:00:00Z,37786,47.82
46.42,47.0,46.28,968,46.74,2021-11-30T05:00:00Z,47029,46.58
47.11,48.4,46.78,1317,47.28,2021-12-01T05:00:00Z,33698,47.64
48.06,48.56,46.96,690,46.96,2021-12-02T05:00:00Z,40448,47.91
47.38,48.46,47.19,835,48.29,2021-12-03T05:00:00Z,36933,47.73
49.14,49.41,47.62,731,47.62,2021-12-06T05:00:00Z,35644,48.85
48.96,49.44,48.34,638,49.44,2021-12-07T05:00:00Z,23582,49.01
48.51,49.02,48.14,630,49.02,2021-12-08T05:00:00Z,26137,48.57
47.7,48.44,47.7,713,48.3,2021-12-09T05:00:00Z,24483,47.99
48.64,48.64,47.46,652,47.6,2021-12-10T05:00:00Z,25158,48.27
48.28,48.92,47.86,1049,48.65,2021-12-13T05:00:00Z,37171,48.42
48.65,49.06,47.33,647,48.54,2021-12-14T05:00:00Z,62157,48.65
48.21,49.15,48.2,856,48.69,2021-12-15T05:00:00Z,64431,48.77
48.09,48.99,47.63,1274,48.75,2021-12-16T05:00:00Z,34278,48.31
46.46,48.07,46.18,900,48.07,2021-12-17T05:00:00Z,121432,46.76
45.81,46.77,44.9,1052,46.11,2021-12-20T05:00:00Z,36949,45.76
46.35,46.68,46.02,550,46.17,2021-12-21T05:00:00Z,23865,46.38
46.87,46.87,46.36,528,46.4,2021-12-22T05:00:00Z,20946,46.76
46.92,47.17,46.66,347,46.93,2021-12-23T05:00:00Z,13881,46.94
47.04,47.11,46.61,318,46.78,2021-12-27T05:00:00Z,15780,46.97
47.1,47.33,46.7,563,47.22,2021-12-28T05:00:00Z,29988,47.06
46.91,47.32,46.55,542,47.11,2021-12-29T05:00:00Z,27600,46.87
46.28,47.16,46.0,972,46.52,2021-12-30T05:00:00Z,27994,46.4
46.33,46.65,46.0,198,46.0,2021-12-31T05:00:00Z,16150,46.35
46.48,46.8,46.08,1173,46.4,2022-01-03T05:00:00Z,23090,46.42
46.82,47.26,46.63,417,46.63,2022-01-04T05:00:00Z,16326,46.9
46.7,47.39,46.49,727,46.91,2022-01-05T05:00:00Z,25044,46.93
47.57,47.73,46.76,593,46.97,2022-01-06T05:00:00Z,23295,47.38
47.74,47.96,47.55,519,47.74,2022-01-07T05:00:00Z,10988,47.74
47.39,47.87,47.3,627,47.87,2022-01-10T05:00:00Z,14920,47.46
46.96,47.08,46.49,670,46.49,2022-01-11T05:00:00Z,20877,46.95
46.91,47.24,46.6,917,46.91,2022-01-12T05:00:00Z,27785,46.96
47.18,47.88,46.95,565,46.95,2022-01-13T05:00:00Z,19039,47.37
47.57,47.58,47.03,362,47.03,2022-01-14T05:00:00Z,13814,47.49
46.83,47.54,46.7,335,47.54,2022-01-18T05:00:00Z,12607,46.9
45.95,46.93,45.85,471,46.93,2022-01-19T05:00:00Z,12772,46.13
44.93,46.31,44.93,429,45.9,2022-01-20T05:00:00Z,13183,45.3
45.12,46.29,44.59,630,44.59,2022-01-21T05:00:00Z,32820,45.13
45.47,45.99,44.61,709,44.72,2022-01-24T05:00:00Z,31736,45.47
45.5,46.02,44.82,512,45.38,2022-01-25T05:00:00Z,17076,45.5
44.83,46.07,44.27,555,46.07,2022-01-26T05:00:00Z,17645,44.91
44.28,44.85,44.1,690,44.85,2022-01-27T05:00:00Z,18867,44.35
44.9,44.9,42.95,453,44.06,2022-01-28T05:00:00Z,13883,44.31
44.67,44.8,44.01,546,44.49,2022-01-31T05:00:00Z,18288,44.62
44.74,44.79,44.22,886,44.44,2022-02-01T05:00:00Z,21683,44.64
44.52,44.85,43.88,681,44.52,2022-02-02T05:00:00Z,23392,44.49
44.34,44.63,44.11,584,44.47,2022-02-03T05:00:00Z,16436,44.34
44.77,45.43,43.97,732,44.3,2022-02-04T05:00:00Z,13167,44.71
44.13,44.76,44.13,391,44.75,2022-02-07T05:00:00Z,9571,44.27
44.48,45.1,44.12,415,44.28,2022-02-08T05:00:00Z,14358,44.51
43.93,44.62,43.67,422,44.62,2022-02-09T05:00:00Z,16413,43.96
43.28,44.06,43.0,567,43.87,2022-02-10T05:00:00Z,20499,43.38
44.12,44.85,43.48,1067,43.6,2022-02-11T05:00:00Z,42803,44.19
43.75,44.55,43.46,295,44.55,2022-02-14T05:00:00Z,10273,43.8
43.98,44.54,43.4,439,44.16,2022-02-15T05:00:00Z,17109,43.99
43.62,43.84,43.37,617,43.72,2022-02-16T05:00:00Z,16563,43.64
42.99,43.38,42.95,586,43.36,2022-02-17T05:00:00Z,20950,43.03
43.39,43.93,42.79,590,42.79,2022-02-18T05:00:00Z,27146,43.39
43.22,43.7,43.0,612,43.29,2022-02-22T05:00:00Z,23269,43.22
42.55,43.12,42.43,595,43.12,2022-02-23T05:00:00Z,15304,42.64
41.24,42.05,40.61,1159,41.39,2022-02-24T05:00:00Z,31283,41.26
42.66,42.95,41.75,637,41.89,2022-02-25T05:00:00Z,19985,42.6
41.81,42.8,41.67,610,42.03,2022-02-28T05:00:00Z,22988,41.85
40.41,41.87,40.04,1297,41.87,2022-03-01T05:00:00Z,31663,40.43
41.72,41.95,40.86,1298,40.86,2022-03-02T05:00:00Z,22989,41.64
41.99,41.99,41.38,616,41.74,2022-03-03T05:00:00Z,14001,41.86
41.88,42.1,39.76,1198,41.56,2022-03-04T05:00:00Z,40957,41.56
40.66,41.69,40.5,1333,41.46,2022-03-07T05:00:00Z,46620,40.85
40.18,42.22,40.13,1148,42.22,2022-03-08T05:00:00Z,29069,40.43
40.6,41.1,40.41,877,40.7,2022-03-09T05:00:00Z,28741,40.66
40.83,41.01,40.11,998,40.41,2022-03-10T05:00:00Z,25055,40.64
40.68,41.16,40.43,925,41.16,2022-03-11T05:00:00Z,25480,40.7
41.59,41.79,41.03,1296,41.32,2022-03-14T04:00:00Z,36283,41.5
41.25,41.81,40.97,1235,41.48,2022-03-15T04:00:00Z,26179,41.32
42.18,42.63,41.33,1587,41.77,2022-03-16T04:00:00Z,89333,42.17
41.91,42.28,41.79,1134,42.07,2022-03-17T04:00:00Z,74528,41.92
42.03,42.22,41.21,1267,42.01,2022-03-18T04:00:00Z,160653,42.01
41.87,42.31,41.38,1394,41.79,2022-03-21T04:00:00Z,82196,41.85
42.5,42.55,41.86,767,42.02,2022-03-22T04:00:00Z,83575,42.48
41.65,42.51,41.48,515,42.38,2022-03-23T04:00:00Z,12822,41.75
41.69,42.93,41.48,586,42.93,2022-03-24T04:00:00Z,14452,41.66
41.96,42.21,41.88,553,42.03,2022-03-25T04:00:00Z,15659,41.97
41.65,42.16,41.35,761,41.77,2022-03-28T04:00:00Z,18489,41.64
41.96,42.83,41.71,763,42.23,2022-03-29T04:00:00Z,17741,41.97
41.41,42.14,41.32,731,41.79,2022-03-30T04:00:00Z,25668,41.52
41.26,41.58,41.09,676,41.3,2022-03-31T04:00:00Z,54134,41.29
41.5,41.72,41.15,846,41.62,2022-04-01T04:00:00Z,23774,41.44
41.18,41.58,40.87,727,41.58,2022-04-04T04:00:00Z,21658,41.19
41.31,41.64,40.94,644,41.26,2022-04-05T04:00:00Z,23701,41.31
40.98,41.13,40.78,686,41.11,2022-04-06T04:00:00Z,15377,40.98
40.31,41.27,40.28,393,40.91,2022-04-07T04:00:00Z,11871,40.55
40.3,40.54,39.92,624,40.21,2022-04-08T04:00:00Z,18525,40.26
40.42,40.7,39.97,541,40.51,2022-04-11T04:00:00Z,11126,40.45
40.53,40.69,40.19,572,40.45,2022-04-12T04:00:00Z,18915,40.46
40.74,40.99,40.47,527,40.47,2022-04-13T04:00:00Z,14916,40.77
40.72,40.85,40.42,552,40.83,2022-04-14T04:00:00Z,14090,40.71
40.8,41.14,40.66,550,40.66,2022-04-18T04:00:00Z,18628,40.84
41.53,41.68,40.76,491,40.76,2022-04-19T04:00:00Z,14135,41.41
41.83,42.37,41.14,701,41.14,2022-04-20T04:00:00Z,15140,41.85
40.77,42.21,40.21,641,42.0,2022-04-21T04:00:00Z,23633,40.87
40.61,40.91,40.43,504,40.87,2022-04-22T04:00:00Z,18960,40.65
40.48,40.53,40.1,554,40.36,2022-04-25T04:00:00Z,17907,40.39
39.82,40.59,39.63,624,40.14,2022-04-26T04:00:00Z,28005,39.87
39.11,40.39,38.98,670,39.8,2022-04-27T04:00:00Z,18599,39.33
39.26,39.64,38.8,482,39.64,2022-04-28T04:00:00Z,13612,39.18
38.27,39.17,38.02,582,38.89,2022-04-29T04:00:00Z,25924,38.32
38.42,39.25,38.09,1021,38.44,2022-05-02T04:00:00Z,37039,38.54
38.5,38.74,38.16,1035,38.16,2022-05-03T04:00:00Z,23182,38.51
39.64,39.81,38.64,897,38.84,2022-05-04T04:00:00Z,31692,39.42
38.74,39.47,38.24,618,39.37,2022-05-05T04:00:00Z,24837,38.7
38.82,38.95,38.41,794,38.86,2022-05-06T04:00:00Z,21067,38.77
39.81,40.09,38.64,740,38.64,2022-05-09T04:00:00Z,30755,39.56
39.97,40.69,39.13,1112,40.69,2022-05-10T04:00:00Z,32414,39.91
39.86,40.4,39.69,601,40.12,2022-05-11T04:00:00Z,18200,40.0
39.5,40.08,38.84,677,40.08,2022-05-12T04:00:00Z,23801,39.37
39.26,39.74,39.21,769,39.74,2022-05-13T04:00:00Z,18293,39.37
39.19,39.33,38.75,597,39.33,2022-05-16T04:00:00Z,17336,39.12
40.08,40.31,39.48,596,39.61,2022-05-17T04:00:00Z,21264,40.04
40.0,40.11,39.69,636,39.69,2022-05-18T04:00:00Z,24782,39.98
39.08,40.13,39.0,849,40.13,2022-05-19T04:00:00Z,28553,39.3
39.38,39.45,38.95,743,39.44,2022-05-20T04:00:00Z,32487,39.23
39.94,40.21,39.58,1320,39.64,2022-05-23T04:00:00Z,25650,39.96
40.87,40.99,39.65,887,39.94,2022-05-24T04:00:00Z,23391,40.48
40.59,41.28,40.49,927,40.69,2022-05-25T04:00:00Z,22249,40.73
41.16,41.45,40.76,1149,40.99,2022-05-26T04:00:00Z,21377,41.19
41.54,41.78,41.09,510,41.25,2022-05-27T04:00:00Z,17037,41.56
42.19,42.25,40.63,725,41.12,2022-05-31T04:00:00Z,28264,41.94
41.67,42.23,40.96,1318,41.96,2022-06-01T04:00:00Z,29536,41.6
42.46,42.52,41.19,1220,41.57,2022-06-02T04:00:00Z,23104,42.12
42.06,42.41,42.06,801,42.21,2022-06-03T04:00:00Z,20701,42.14
42.77,43.05,41.6,1148,41.6,2022-06-06T04:00:00Z,46489,42.68
43.06,43.51,42.64,1247,42.64,2022-06-07T04:00:00Z,27554,43.19
43.04,43.38,42.58,1041,43.06,2022-06-08T04:00:00Z,25922,42.92
41.99,43.04,41.84,1238,43.04,2022-06-09T04:00:00Z,29950,42.24
41.54,41.86,41.43,993,41.64,2022-06-10T04:00:00Z,24676,41.66
42.16,42.51,40.94,1466,40.94,2022-06-13T04:00:00Z,34693,42.09
41.56,42.48,41.54,1525,41.9,2022-06-14T04:00:00Z,44189,41.79
41.99,42.4,41.41,1145,42.23,2022-06-15T04:00:00Z,39646,42.02
40.87,41.68,40.42,1582,41.68,2022-06-16T04:00:00Z,67873,40.94
41.69,42.27,41.23,1683,41.37,2022-06-17T04:00:00Z,86930,41.65
42.47,43.32,42.04,1671,42.04,2022-06-21T04:00:00Z,48526,42.69
42.63,42.91,42.11,1429,42.91,2022-06-22T04:00:00Z,61189,42.59
42.67,43.11,42.15,1429,42.55,2022-06-23T04:00:00Z,43129,42.63
44.26,44.5,42.61,2062,42.61,2022-06-24T04:00:00Z,134912,44.1
44.21,45.07,43.89,1236,44.36,2022-06-27T04:00:00Z,49510,44.47
44.59,45.32,44.51,1005,44.58,2022-06-28T04:00:00Z,37118,44.89
45.0,45.03,44.68,1169,44.88,2022-06-29T04:00:00Z,35166,44.93
44.64,45.12,44.54,880,44.64,2022-06-30T04:00:00Z,43487,44.78
45.21,45.49,44.38,1043,44.38,2022-07-01T04:00:00Z,52925,45.1
45.43,45.78,44.11,1062,45.0,2022-07-05T04:00:00Z,39269,45.02
45.53,45.83,45.11,721,45.33,2022-07-06T04:00:00Z,31738,45.56
45.83,46.41,45.4,1109,45.58,2022-07-07T04:00:00Z,35217,45.98
45.57,46.23,45.19,1077,45.93,2022-07-08T04:00:00Z,59015,45.57
45.9,46.08,45.44,780,45.52,2022-07-11T04:00:00Z,24006,45.79
45.31,46.22,45.23,539,46.08,2022-07-12T04:00:00Z,16690,45.43
44.87,45.31,44.45,611,45.31,2022-07-13T04:00:00Z,21056,44.7
44.05,44.83,43.49,1104,44.49,2022-07-14T04:00:00Z,49945,43.91
45.06,45.31,43.69,1120,44.48,2022-07-15T04:00:00Z,42000,44.93
44.95,45.56,44.81,647,45.2,2022-07-18T04:00:00Z,15849,45.08
45.95,46.2,45.58,621,45.58,2022-07-19T04:00:00Z,21009,45.95
45.55,45.95,45.31,816,45.71,2022-07-20T04:00:00Z,21621,45.6
45.24,45.64,44.99,719,45.3,2022-07-21T04:00:00Z,26434,45.27
44.57,45.62,44.19,664,45.62,2022-07-22T04:00:00Z,25695,44.7
41.47,43.52,41.02,1230,43.36,2022-07-25T04:00:00Z,47339,41.87
42.62,42.81,41.21,1276,41.21,2022-07-26T04:00:00Z,51998,42.51
42.42,42.93,42.33,775,42.54,2022-07-27T04:00:00Z,32693,42.5
41.9,42.4,41.85,906,42.25,2022-07-28T04:00:00Z,25362,42.1
41.49,42.3,41.38,675,42.24,2022-07-29T04:00:00Z,25526,41.56
42.12,42.49,41.47,2343,41.59,2022-08-01T04:00:00Z,43807,42.08
41.95,42.12,41.73,619,41.96,2022-08-02T04:00:00Z,18354,41.92
41.9,42.35,41.8,827,42.35,2022-08-03T04:00:00Z,16166,41.95
41.49,41.86,41.32,528,41.68,2022-08-04T04:00:00Z,14602,41.55
41.18,41.6,41.18,580,41.34,2022-08-05T04:00:00Z,19904,41.26
40.9,41.31,40.74,662,41.04,2022-08-08T04:00:00Z,28139,41.01
41.35,41.4,40.94,876,41.21,2022-08-09T04:00:00Z,27810,41.18
41.13,41.94,40.99,536,41.61,2022-08-10T04:00:00Z,23553,41.37
41.74,41.75,41.08,563,41.41,2022-08-11T04:00:00Z,21434,41.42
42.14,42.46,40.34,536,41.37,2022-08-12T04:00:00Z,35472,41.76
42.32,42.35,41.98,537,42.05,2022-08-15T04:00:00Z,16466,42.21
42.81,42.87,42.34,741,42.34,2022-08-16T04:00:00Z,17814,42.73
42.79,42.93,42.45,574,42.66,2022-08-17T04:00:00Z,19243,42.74
42.99,43.02,42.44,923,42.51,2022-08-18T04:00:00Z,22943,42.88
42.11,42.93,42.02,510,42.93,2022-08-19T04:00:00Z,25666,42.39
41.46,41.91,41.2,695,41.78,2022-08-22T04:00:00Z,23664,41.48
40.98,42.12,40.77,437,41.24,2022-08-23T04:00:00Z,19999,41.08
40.63,41.08,40.5,522,40.71,2022-08-24T04:00:00Z,20934,40.7
41.38,41.49,41.04,446,41.07,2022-08-25T04:00:00Z,16887,41.35
40.55,41.32,40.49,655,40.91,2022-08-26T04:00:00Z,28015,40.74
39.77,40.48,39.71,384,40.48,2022-08-29T04:00:00Z,14508,39.9
39.49,39.67,39.37,432,39.41,2022-08-30T04:00:00Z,15931,39.51
39.32,39.77,39.04,525,39.77,2022-08-31T04:00:00Z,39901,39.33
38.98,39.2,38.69,1204,39.2,2022-09-01T04:00:00Z,17139,38.94
38.79,39.74,38.73,837,39.41,2022-09-02T04:00:00Z,20096,39.15
38.24,39.27,37.89,576,39.13,2022-09-06T04:00:00Z,19324,38.35
38.3,38.58,37.98,565,38.03,2022-09-07T04:00:00Z,40869,38.36
38.23,38.41,37.95,700,38.41,2022-09-08T04:00:00Z,15180,38.19
38.21,38.76,37.87,532,38.28,2022-09-09T04:00:00Z,17028,38.16
38.28,38.57,38.17,421,38.55,2022-09-12T04:00:00Z,14029,38.31
37.49,38.2,37.25,793,38.2,2022-09-13T04:00:00Z,31786,37.65
37.33,37.62,37.26,640,37.49,2022-09-14T04:00:00Z,20767,37.37
38.06,38.2,37.33,763,37.33,2022-09-15T04:00:00Z,18986,37.97
37.23,38.24,37.05,946,37.63,2022-09-16T04:00:00Z,99112,37.3
38.46,38.54,37.23,803,37.23,2022-09-19T04:00:00Z,21934,38.25
38.45,39.07,38.03,378,38.31,2022-09-20T04:00:00Z,12426,38.39
37.87,38.36,37.57,592,38.36,2022-09-21T04:00:00Z,17986,37.9
37.76,38.19,37.24,423,38.13,2022-09-22T04:00:00Z,14788,37.68
36.99,37.37,36.59,730,37.37,2022-09-23T04:00:00Z,24021,36.93
37.15,37.64,36.64,826,37.07,2022-09-26T04:00:00Z,19284,37.14
36.47,38.46,36.04,875,38.46,2022-09-27T04:00:00Z,21548,36.51
36.72,37.43,36.72,612,36.98,2022-09-28T04:00:00Z,24500,36.81
36.14,36.84,35.97,368,36.61,2022-09-29T04:00:00Z,19726,36.19
35.73,36.68,35.67,523,36.04,2022-09-30T04:00:00Z,30267,35.9
36.58,36.82,35.73,1327,35.73,2022-10-03T04:00:00Z,26664,36.4
37.68,37.91,36.8,879,36.8,2022-10-04T04:00:00Z,31315,37.64
37.09,37.22,36.87,426,37.11,2022-10-05T04:00:00Z,9909,37.08
36.66,37.15,36.66,420,36.89,2022-10-06T04:00:00Z,15636,36.77
36.28,36.63,35.78,413,36.63,2022-10-07T04:00:00Z,26985,36.14
36.41,36.76,36.06,408,36.22,2022-10-10T04:00:00Z,14126,36.41
36.04,36.38,35.9,478,36.04,2022-10-11T04:00:00Z,13950,36.05
36.08,36.53,36.08,327,36.17,2022-10-12T04:00:00Z,12603,36.16
38.48,38.54,35.61,687,35.65,2022-10-13T04:00:00Z,28644,37.7
37.93,38.53,37.67,515,38.49,2022-10-14T04:00:00Z,16191,37.98
38.37,39.18,37.92,529,38.45,2022-10-17T04:00:00Z,16185,38.35
38.08,38.47,37.69,651,38.35,2022-10-18T04:00:00Z,18982,38.09
38.65,38.78,37.82,577,38.78,2022-10-19T04:00:00Z,16158,38.45
38.72,39.3,37.7,706,38.82,2022-10-20T04:00:00Z,26866,38.64
40.49,41.44,38.34,682,39.13,2022-10-21T04:00:00Z,31305,40.3
41.11,41.9,39.8,557,41.08,2022-10-24T04:00:00Z,15583,40.93
41.84,42.38,41.25,539,41.25,2022-10-25T04:00:00Z,19769,41.87
42.01,42.67,41.84,555,42.21,2022-10-26T04:00:00Z,14177,42.13
42.4,43.48,42.08,385,42.09,2022-10-27T04:00:00Z,17644,42.52
43.73,44.04,41.84,680,42.04,2022-10-28T04:00:00Z,26585,43.54
43.24,44.02,42.64,541,44.0,2022-10-31T04:00:00Z,22478,43.28
42.9,43.74,42.89,468,43.24,2022-11-01T04:00:00Z,15382,42.99
41.74,42.92,41.74,994,42.67,2022-11-02T04:00:00Z,17803,42.0
41.35,41.85,40.81,383,40.81,2022-11-03T04:00:00Z,15860,41.38
41.97,42.23,41.07,380,41.79,2022-11-04T04:00:00Z,18900,41.8
41.69,42.44,41.54,659,42.44,2022-11-07T05:00:00Z,20751,41.8
41.37,42.14,41.37,542,41.98,2022-11-08T05:00:00Z,16649,41.52
41.07,41.61,40.66,319,41.51,2022-11-09T05:00:00Z,11969,41.08
41.95,42.23,40.37,836,41.8,2022-11-10T05:00:00Z,37266,41.96
41.81,42.64,41.19,511,41.56,2022-11-11T05:00:00Z,36019,42.23
41.58,42.25,41.2,532,42.25,2022-11-14T05:00:00Z,20717,41.68
41.72,41.84,41.43,579,41.66,2022-11-15T05:00:00Z,15404,41.71
41.07,41.79,40.83,624,41.3,2022-11-16T05:00:00Z,15282,41.27
41.09,41.12,40.77,379,41.05,2022-11-17T05:00:00Z,10550,41.08
41.15,41.68,41.07,557,41.68,2022-11-18T05:00:00Z,23094,41.43
41.22,41.49,41.09,524,41.33,2022-11-21T05:00:00Z,19708,41.28
41.22,41.42,40.72,605,41.28,2022-11-22T05:00:00Z,20030,41.2
40.4,41.05,40.12,407,40.35,2022-11-23T05:00:00Z,14260,40.56
40.94,40.95,40.53,291,40.54,2022-11-25T05:00:00Z,10991,40.76
40.42,40.86,40.34,298,40.83,2022-11-28T05:00:00Z,9568,40.5
40.49,40.84,40.23,247,40.37,2022-11-29T05:00:00Z,8069,40.49
41.11,41.45,40.13,610,40.34,2022-11-30T05:00:00Z,19452,41.05
41.55,41.55,40.64,851,41.39,2022-12-01T05:00:00Z,12018,41.26
41.96,42.08,40.5,421,41.53,2022-12-02T05:00:00Z,22280,41.71
40.9,41.96,40.72,418,41.96,2022-12-05T05:00:00Z,11860,41.02
40.86,41.0,40.13,434,40.82,2022-12-06T05:00:00Z,17583,40.79
39.79,41.33,39.66,617,41.33,2022-12-07T05:00:00Z,11952,39.94
39.37,39.95,38.88,274,39.7,2022-12-08T05:00:00Z,10390,39.44
39.13,39.62,38.74,414,39.21,2022-12-09T05:00:00Z,13477,39.23
39.36,40.12,39.22,344,39.22,2022-12-12T05:00:00Z,13355,39.43
40.21,40.42,39.44,537,40.0,2022-12-13T05:00:00Z,32725,40.14
39.23,40.58,39.23,451,40.14,2022-12-14T05:00:00Z,24985,39.63
39.04,39.2,38.46,359,39.19,2022-12-15T05:00:00Z,13640,39.01
40.02,40.13,38.43,808,38.46,2022-12-16T05:00:00Z,96330,39.49
39.03,40.14,38.78,467,39.63,2022-12-19T05:00:00Z,23836,39.27
38.88,39.69,38.8,271,39.69,2022-12-20T05:00:00Z,14302,38.95
39.28,39.75,38.82,527,39.19,2022-12-21T05:00:00Z,27489,39.19
38.98,39.54,38.59,360,39.3,2022-12-22T05:00:00Z,15474,38.96
38.94,39.04,38.71,558,39.03,2022-12-23T05:00:00Z,37451,38.89
39.0,39.03,38.46,370,38.81,2022-12-27T05:00:00Z,21815,38.85
37.97,39.0,37.97,221,39.0,2022-12-28T05:00:00Z,10609,38.21
38.67,38.75,38.01,258,38.24,2022-12-29T05:00:00Z,11669,38.62
38.49,38.68,38.19,181,38.6,2022-12-30T05:00:00Z,9874,38.48
38.55,38.94,38.25,1165,38.94,2023-01-03T05:00:00Z,16406,38.48
38.28,39.1,38.28,342,38.86,2023-01-04T05:00:00Z,11363,38.53
38.0,38.33,37.77,296,38.25,2023-01-05T05:00:00Z,14714,38.11
39.08,39.3,38.14,273,38.14,2023-01-06T05:00:00Z,9121,39.03
38.88,39.14,38.57,421,38.93,2023-01-09T05:00:00Z,17412,38.89
39.28,39.73,38.62,227,38.62,2023-01-10T05:00:00Z,11469,39.12
39.6,40.03,39.44,345,39.74,2023-01-11T05:00:00Z,21818,39.62
40.82,41.28,39.97,237,39.97,2023-01-12T05:00:00Z,12687,40.72
40.52,40.81,39.49,381,40.09,2023-01-13T05:00:00Z,14450,40.39
40.2,40.46,40.11,281,40.23,2023-01-17T05:00:00Z,5605,40.22
39.82,40.66,39.57,421,40.03,2023-01-18T05:00:00Z,14219,39.86
39.26,39.96,39.25,398,39.96,2023-01-19T05:00:00Z,9151,39.31
40.45,40.46,39.59,595,39.64,2023-01-20T05:00:00Z,24203,40.05
40.51,40.62,40.29,380,40.51,2023-01-23T05:00:00Z,6920,40.5
39.98,40.48,39.53,317,39.53,2023-01-24T05:00:00Z,5342,40.05
40.05,40.2,39.66,179,39.66,2023-01-25T05:00:00Z,6229,40.02
40.26,40.41,39.36,280,39.36,2023-01-26T05:00:00Z,7455,40.14
40.9,41.54,40.35,488,40.35,2023-01-27T05:00:00Z,15275,41.0
41.55,41.94,39.98,400,41.04,2023-01-30T05:00:00Z,16101,41.51
42.31,42.44,41.24,447,42.44,2023-01-31T05:00:00Z,21805,42.14
42.19,42.71,41.47,1162,41.88,2023-02-01T05:00:00Z,21028,42.21
43.35,43.35,42.34,529,42.41,2023-02-02T05:00:00Z,15076,42.93
43.85,43.94,42.94,413,43.14,2023-02-03T05:00:00Z,16726,43.67
43.38,43.78,42.96,338,43.78,2023-02-06T05:00:00Z,14665,43.37
43.45,44.21,42.89,320,42.89,2023-02-07T05:00:00Z,18616,43.48
42.97,43.06,42.97,368,43.0,2023-02-08T05:00:00Z,9121,42.98
42.7,43.07,42.56,303,42.96,2023-02-09T05:00:00Z,11343,42.76
42.89,43.41,42.23,431,42.89,2023-02-10T05:00:00Z,15029,42.88
43.23,43.23,42.84,355,43.13,2023-02-13T05:00:00Z,9277,43.17
42.52,43.63,42.52,369,43.62,2023-02-14T05:00:00Z,8535,42.67
42.86,43.12,41.93,548,42.52,2023-02-15T05:00:00Z,14942,42.67
43.03,43.26,42.21,332,42.21,2023-02-16T05:00:00Z,10364,43.01
43.18,43.47,42.73,524,43.15,2023-02-17T05:00:00Z,24259,43.14
42.26,43.08,42.14,414,42.62,2023-02-21T05:00:00Z,18651,42.35
42.25,43.06,41.96,789,42.66,2023-02-22T05:00:00Z,21970,42.32
42.95,43.08,42.5,303,42.5,2023-02-23T05:00:00Z,12118,42.91
42.2,42.66,41.95,336,42.29,2023-02-24T05:00:00Z,11148,42.25
42.28,42.47,42.11,351,42.11,2023-02-27T05:00:00Z,8607,42.29
41.86,42.75,41.67,722,42.04,2023-02-28T05:00:00Z,57809,41.89
42.28,42.44,41.85,457,42.24,2023-03-01T05:00:00Z,10113,42.19
41.45,42.0,41.38,546,42.0,2023-03-02T05:00:00Z,12492,41.54
41.38,41.67,41.09,670,41.39,2023-03-03T05:00:00Z,12999,41.39
41.31,41.95,40.91,658,41.65,2023-03-06T05:00:00Z,23801,41.31
40.85,41.33,40.72,342,41.33,2023-03-07T05:00:00Z,10193,40.93
40.34,41.16,39.96,790,41.16,2023-03-08T05:00:00Z,21173,40.38
39.32,40.14,39.15,426,40.14,2023-03-09T05:00:00Z,15076,39.42
39.2,39.36,38.19,530,39.0,2023-03-10T05:00:00Z,25676,38.95
37.71,39.64,36.86,732,37.92,2023-03-13T04:00:00Z,41317,38.13
38.16,39.32,38.08,979,39.32,2023-03-14T04:00:00Z,38232,38.43
38.09,38.46,37.68,546,38.06,2023-03-15T04:00:00Z,24465,38.11
39.35,39.36,37.56,515,38.02,2023-03-16T04:00:00Z,18033,39.0
38.53,39.14,37.96,624,38.87,2023-03-17T04:00:00Z,79976,38.61
38.74,39.95,38.64,616,38.85,2023-03-20T04:00:00Z,29341,38.89
39.93,41.17,39.28,620,39.28,2023-03-21T04:00:00Z,24845,40.09
38.79,40.24,38.79,431,40.24,2023-03-22T04:00:00Z,12625,39.25
37.84,39.57,37.42,563,39.22,2023-03-23T04:00:00Z,16422,38.02
39.14,39.33,37.36,982,37.36,2023-03-24T04:00:00Z,33334,38.76
38.82,39.72,38.76,573,39.72,2023-03-27T04:00:00Z,13906,38.99
38.67,38.77,38.4,396,38.6,2023-03-28T04:00:00Z,13532,38.65
39.28,39.46,38.6,443,39.13,2023-03-29T04:00:00Z,25657,39.25
38.87,39.1,38.54,481,39.1,2023-03-30T04:00:00Z,12650,38.83
40.27,40.71,39.02,916,39.02,2023-03-31T04:00:00Z,57783,40.22
39.42,40.6,39.21,1353,40.28,2023-04-03T04:00:00Z,28682,39.54
38.38,39.39,38.07,431,39.39,2023-04-04T04:00:00Z,23990,38.44
38.78,38.78,38.31,342,38.38,2023-04-05T04:00:00Z,14075,38.65
38.52,38.99,38.06,349,38.06,2023-04-06T04:00:00Z,10989,38.42
38.6,39.08,38.19,337,38.19,2023-04-10T04:00:00Z,14552,38.63
38.25,39.26,38.18,653,39.12,2023-04-11T04:00:00Z,16763,38.37
38.41,38.76,38.07,566,38.29,2023-04-12T04:00:00Z,16096,38.41
38.28,38.47,37.67,360,38.31,2023-04-13T04:00:00Z,13543,38.34
37.63,38.85,37.54,473,38.53,2023-04-14T04:00:00Z,15020,37.83
38.15,38.15,37.46,467,37.71,2023-04-17T04:00:00Z,9680,37.87
37.49,38.38,37.22,482,38.38,2023-04-18T04:00:00Z,15941,37.53
38.25,38.64,37.39,396,37.66,2023-04-19T04:00:00Z,10624,38.14
38.69,38.89,37.71,483,38.25,2023-04-20T04:00:00Z,11300,38.42
39.16,39.82,38.56,559,39.06,2023-04-21T04:00:00Z,23657,39.16
37.87,39.81,37.62,612,38.96,2023-04-24T04:00:00Z,23671,38.58
37.0,38.9,36.97,329,37.68,2023-04-25T04:00:00Z,15916,37.34
36.77,37.01,36.11,521,36.93,2023-04-26T04:00:00Z,18937,36.52
37.2,37.58,36.68,513,36.82,2023-04-27T04:00:00Z,19911,37.06
37.3,37.82,36.75,500,37.25,2023-04-28T04:00:00Z,16396,37.33
37.58,37.81,37.31,625,37.31,2023-05-01T04:00:00Z,14512,37.57
36.73,37.39,35.78,1388,37.25,2023-05-02T04:00:00Z,22264,36.77
36.71,37.51,36.23,495,36.82,2023-05-03T04:00:00Z,18395,36.73
36.28,36.28,35.33,491,36.11,2023-05-04T04:00:00Z,26989,36.09
37.91,37.93,36.4,676,36.4,2023-05-05T04:00:00Z,25528,37.52
37.19,38.18,37.04,353,38.18,2023-05-08T04:00:00Z,16533,37.3
36.74,37.35,36.46,355,37.35,2023-05-09T04:00:00Z,8319,37.01
38.14,38.16,36.71,1060,37.32,2023-05-10T04:00:00Z,26064,37.87
38.07,38.32,37.68,525,37.96,2023-05-11T04:00:00Z,21956,38.12
37.19,37.81,36.42,1340,37.78,2023-05-12T04:00:00Z,37204,37.09
37.35,37.42,36.87,990,36.87,2023-05-15T04:00:00Z,18810,37.29
37.43,37.76,37.2,635,37.2,2023-05-16T04:00:00Z,15579,37.48
38.7,39.13,37.64,741,37.64,2023-05-17T04:00:00Z,28951,38.67
38.61,39.2,37.89,626,38.88,2023-05-18T04:00:00Z,24717,38.64
37.96,39.05,37.67,552,39.05,2023-05-19T04:00:00Z,20968,38.26
38.77,39.47,37.89,847,38.04,2023-05-22T04:00:00Z,25448,38.69
39.54,40.46,38.29,920,39.33,2023-05-23T04:00:00Z,27081,39.79
39.98,40.45,38.9,757,39.63,2023-05-24T04:00:00Z,33445,40.08
39.63,40.28,39.35,855,39.8,2023-05-25T04:00:00Z,18063,39.78
40.04,40.06,39.38,822,39.38,2023-05-26T04:00:00Z,13723,39.97
41.07,41.07,39.68,613,40.31,2023-05-30T04:00:00Z,16426,40.78
39.99,40.98,39.93,715,40.98,2023-05-31T04:00:00Z,42977,40.05
40.34,40.9,40.33,1041,40.36,2023-06-01T04:00:00Z,14939,40.52
42.29,42.49,40.93,1613,40.93,2023-06-02T04:00:00Z,43469,42.05
41.64,42.15,41.11,1025,42.15,2023-06-05T04:00:00Z,16230,41.77
43.46,44.07,41.47,1072,41.5,2023-06-06T04:00:00Z,23004,43.56
45.17,45.86,43.26,1629,43.26,2023-06-07T04:00:00Z,48270,44.82
44.65,45.18,44.15,1023,45.18,2023-06-08T04:00:00Z,18560,44.79
43.9,44.76,43.66,897,44.76,2023-06-09T04:00:00Z,33438,44.01
43.53,44.07,42.68,819,43.89,2023-06-12T04:00:00Z,20985,43.57
44.46,44.76,43.21,744,43.21,2023-06-13T04:00:00Z,20182,44.34
43.36,44.54,43.2,1328,44.2,2023-06-14T04:00:00Z,33092,43.78
43.92,44.43,43.39,571,43.39,2023-06-15T04:00:00Z,14713,43.87
43.66,44.41,43.65,898,44.25,2023-06-16T04:00:00Z,45836,43.96
42.33,43.47,42.26,980,43.47,2023-06-20T04:00:00Z,27509,42.57
42.37,42.95,42.32,743,42.33,2023-06-21T04:00:00Z,18377,42.59
41.39,42.52,41.39,995,42.52,2023-06-22T04:00:00Z,16252,41.7
40.79,41.34,40.48,1184,41.1,2023-06-23T04:00:00Z,96596,40.82
40.49,41.28,40.39,507,40.66,2023-06-26T04:00:00Z,22791,40.78
40.66,41.32,40.58,693,40.6,2023-06-27T04:00:00Z,20424,40.91
40.47,40.67,40.06,680,40.67,2023-06-28T04:00:00Z,14423,40.39
41.05,41.34,40.6,614,40.81,2023-06-29T04:00:00Z,12671,41.01
40.66,41.61,40.54,598,41.61,2023-06-30T04:00:00Z,16949,40.8
40.95,41.19,40.63,483,40.63,2023-07-03T04:00:00Z,10017,40.97
40.87,41.41,40.57,1086,40.98,2023-07-05T04:00:00Z,24017,41.08
40.37,40.76,39.56,626,40.76,2023-07-06T04:00:00Z,19074,40.3
40.98,41.29,40.38,769,40.38,2023-07-07T04:00:00Z,19940,41.04
40.99,41.57,40.98,527,41.57,2023-07-10T04:00:00Z,14154,41.16
40.87,41.14,40.66,424,40.73,2023-07-11T04:00:00Z,10584,40.94
41.73,42.03,41.4,761,41.4,2023-07-12T04:00:00Z,20058,41.76
42.28,42.43,41.77,417,41.77,2023-07-13T04:00:00Z,10464,42.25
41.41,42.45,41.11,776,42.45,2023-07-14T04:00:00Z,13270,41.43
41.8,42.12,41.64,526,41.64,2023-07-17T04:00:00Z,12196,41.84
43.0,43.0,42.27,361,42.58,2023-07-18T04:00:00Z,9554,42.75
43.73,43.86,43.13,915,43.52,2023-07-19T04:00:00Z,15732,43.66
44.35,44.68,43.33,737,43.33,2023-07-20T04:00:00Z,27445,44.26
44.35,45.9,44.17,1217,44.93,2023-07-21T04:00:00Z,38111,45.01
42.66,44.72,42.6,1096,44.66,2023-07-24T04:00:00Z,34474,43.25
42.61,43.06,42.48,322,42.98,2023-07-25T04:00:00Z,8061,42.81
43.36,43.6,42.15,1158,43.18,2023-07-26T04:00:00Z,38210,42.96
43.93,44.04,42.84,974,43.27,2023-07-27T04:00:00Z,34399,43.72
44.24,44.72,43.62,725,43.62,2023-07-28T04:00:00Z,21110,44.3
43.85,44.31,43.43,585,44.31,2023-07-31T04:00:00Z,17293,43.92
44.02,44.57,43.49,1068,44.03,2023-08-01T04:00:00Z,27180,43.86
44.6,44.85,43.89,839,43.89,2023-08-02T04:00:00Z,29905,44.64
44.61,44.87,43.77,968,44.28,2023-08-03T04:00:00Z,42969,44.54
44.93,45.07,44.34,925,44.44,2023-08-04T04:00:00Z,27215,44.73
45.3,45.84,44.93,813,44.93,2023-08-07T04:00:00Z,30805,45.44
45.15,45.15,44.15,1212,44.95,2023-08-08T04:00:00Z,29526,44.68
45.13,45.4,44.67,650,44.89,2023-08-09T04:00:00Z,19515,45.06
44.6,45.24,44.39,497,45.24,2023-08-10T04:00:00Z,12026,44.71
44.58,44.85,44.49,624,44.76,2023-08-11T04:00:00Z,15000,44.66
44.04,44.67,43.83,469,44.28,2023-08-14T04:00:00Z,11447,44.17
43.33,43.67,43.09,617,43.64,2023-08-15T04:00:00Z,25510,43.36
43.12,43.65,43.11,846,43.56,2023-08-16T04:00:00Z,20422,43.31
43.23,43.54,42.86,696,42.86,2023-08-17T04:00:00Z,21958,43.23
43.19,43.59,42.99,788,42.99,2023-08-18T04:00:00Z,28942,43.41
42.68,43.54,42.54,690,43.53,2023-08-21T04:00:00Z,14892,42.8
41.85,42.25,41.84,752,42.12,2023-08-22T04:00:00Z,18923,41.92
42.23,42.32,41.87,872,41.87,2023-08-23T04:00:00Z,16842,42.22
42.6,42.91,42.05,871,42.05,2023-08-24T04:00:00Z,17472,42.51
41.53,42.43,41.53,782,42.43,2023-08-25T04:00:00Z,18215,41.76
42.15,42.21,41.81,626,41.81,2023-08-28T04:00:00Z,15658,42.04
42.29,42.77,42.15,545,42.34,2023-08-29T04:00:00Z,16040,42.45
42.63,42.95,42.08,1004,42.41,2023-08-30T04:00:00Z,33753,42.56
42.52,42.85,42.52,692,42.75,2023-08-31T04:00:00Z,25512,42.63
42.95,43.24,42.79,1506,42.93,2023-09-01T04:00:00Z,30452,43.02
42.65,42.84,42.24,993,42.57,2023-09-05T04:00:00Z,19262,42.65
42.39,42.74,42.33,989,42.58,2023-09-06T04:00:00Z,22150,42.55
42.04,42.21,41.69,871,42.21,2023-09-07T04:00:00Z,21542,42.02
42.31,42.54,42.02,893,42.02,2023-09-08T04:00:00Z,17595,42.32
41.93,42.37,41.75,713,42.33,2023-09-11T04:00:00Z,20756,42.03
41.84,42.17,41.73,584,41.74,2023-09-12T04:00:00Z,11755,41.86
41.77,42.1,41.66,732,41.83,2023-09-13T04:00:00Z,20624,41.78
42.3,42.42,42.14,476,42.14,2023-09-14T04:00:00Z,14426,42.28
42.61,42.61,42.03,512,42.03,2023-09-15T04:00:00Z,49612,42.44
42.14,42.77,42.06,679,42.77,2023-09-18T04:00:00Z,11859,42.2
41.63,42.06,41.57,585,42.04,2023-09-19T04:00:00Z,15424,41.72
41.55,42.18,41.55,653,41.95,2023-09-20T04:00:00Z,12935,41.78
41.96,42.2,41.46,722,41.46,2023-09-21T04:00:00Z,19575,41.92
41.86,42.16,41.74,689,41.93,2023-09-22T04:00:00Z,13544,41.93
42.04,42.51,41.94,867,42.43,2023-09-25T04:00:00Z,16380,42.14
41.48,42.4,41.45,694,41.85,2023-09-26T04:00:00Z,17458,41.56
41.63,41.91,41.45,481,41.45,2023-09-27T04:00:00Z,15341,41.66
42.31,42.7,41.79,880,41.79,2023-09-28T04:00:00Z,19051,42.38
42.51,42.82,41.91,594,42.61,2023-09-29T04:00:00Z,36722,42.4
41.8,42.58,41.61,1538,42.58,2023-10-02T04:00:00Z,41609,41.93
41.27,42.07,41.1,880,41.51,2023-10-03T04:00:00Z,25361,41.35
41.6,41.84,40.93,724,41.29,2023-10-04T04:00:00Z,21679,41.54
42.73,42.79,41.76,726,41.76,2023-10-05T04:00:00Z,25927,42.64
42.93,43.13,42.32,466,42.49,2023-10-06T04:00:00Z,12114,42.85
43.11,43.32,42.33,298,42.59,2023-10-09T04:00:00Z,13130,43.06
43.15,43.5,43.1,642,43.5,2023-10-10T04:00:00Z,18888,43.25
43.51,43.7,43.19,614,43.4,2023-10-11T04:00:00Z,16653,43.48
43.43,43.59,43.12,440,43.3,2023-10-12T04:00:00Z,16114,43.38
42.72,43.17,42.64,400,43.17,2023-10-13T04:00:00Z,14261,42.84
43.03,43.35,42.83,705,43.35,2023-10-16T04:00:00Z,16315,43.09
43.95,44.34,43.49,856,44.1,2023-10-17T04:00:00Z,38855,43.99
43.11,44.08,43.1,779,43.8,2023-10-18T04:00:00Z,21728,43.52
42.8,43.81,42.61,834,42.7,2023-10-19T04:00:00Z,31981,43.14
42.07,46.31,42.07,888,45.74,2023-10-20T04:00:00Z,36068,43.38
41.66,42.87,41.58,422,41.69,2023-10-23T04:00:00Z,13465,42.13
41.38,41.7,41.08,526,41.7,2023-10-24T04:00:00Z,14341,41.36
41.53,41.96,41.02,832,41.6,2023-10-25T04:00:00Z,17190,41.64
42.42,42.57,41.82,466,41.97,2023-10-26T04:00:00Z,16004,42.33
41.78,42.72,41.54,1374,42.72,2023-10-27T04:00:00Z,39817,41.94
42.06,42.46,41.8,1283,42.28,2023-10-30T04:00:00Z,42123,42.08
42.64,42.68,42.28,525,42.6,2023-10-31T04:00:00Z,16201,42.53
43.2,43.3,42.59,1390,42.85,2023-11-01T04:00:00Z,18108,43.15
44.6,44.69,43.59,706,43.88,2023-11-02T04:00:00Z,23082,44.47
45.38,46.16,44.92,1101,44.92,2023-11-03T04:00:00Z,24045,45.64
45.0,45.47,44.92,523,45.47,2023-11-06T05:00:00Z,9486,45.05
44.66,44.93,43.94,658,44.02,2023-11-07T05:00:00Z,14787,44.59
44.3,44.3,43.97,662,43.97,2023-11-08T05:00:00Z,12908,44.25
43.86,44.03,43.67,624,44.0,2023-11-09T05:00:00Z,11084,43.84
44.27,44.53,44.05,419,44.23,2023-11-10T05:00:00Z,12018,44.28
44.21,44.59,44.03,476,44.25,2023-11-13T05:00:00Z,7774,44.26
46.44,46.67,44.39,1335,45.65,2023-11-14T05:00:00Z,37821,45.95
46.05,46.84,45.93,699,46.05,2023-11-15T05:00:00Z,17673,46.27
45.38,45.95,45.1,559,45.33,2023-11-16T05:00:00Z,14780,45.41
45.78,46.2,45.57,666,45.87,2023-11-17T05:00:00Z,15165,45.82
46.0,46.23,45.7,473,46.02,2023-11-20T05:00:00Z,9290,45.95
45.31,45.99,45.31,420,45.72,2023-11-21T05:00:00Z,6085,45.38
45.55,46.13,45.33,597,45.68,2023-11-22T05:00:00Z,10103,45.61
45.8,45.8,45.06,198,45.06,2023-11-24T05:00:00Z,3550,45.64
45.64,46.13,45.16,512,45.52,2023-11-27T05:00:00Z,11612,45.7
45.18,46.08,45.15,436,45.78,2023-11-28T05:00:00Z,10128,45.3
45.91,45.99,45.17,584,45.84,2023-11-29T05:00:00Z,12640,45.79
45.31,46.14,45.07,468,45.64,2023-11-30T05:00:00Z,19919,45.54
46.44,47.08,45.65,1273,46.2,2023-12-01T05:00:00Z,27206,46.32
47.96,47.96,46.56,545,46.56,2023-12-04T05:00:00Z,13885,47.34
46.71,48.32,46.59,649,47.59,2023-12-05T05:00:00Z,16796,47.1
46.68,47.73,46.68,603,47.73,2023-12-06T05:00:00Z,13975,46.91
47.66,47.66,46.31,599,46.39,2023-12-07T05:00:00Z,21493,47.18
47.87,48.04,46.26,709,46.26,2023-12-08T05:00:00Z,19164,47.74
47.98,48.39,46.84,547,48.17,2023-12-11T05:00:00Z,20438,48.01
47.46,48.65,46.68,466,46.76,2023-12-12T05:00:00Z,15947,47.75
50.57,50.57,47.28,861,47.34,2023-12-13T05:00:00Z,26711,49.79
51.7,52.45,49.15,876,50.58,2023-12-14T05:00:00Z,33396,51.26
51.43,52.26,50.44,1093,52.26,2023-12-15T05:00:00Z,75334,51.67
51.71,51.99,50.92,1000,51.25,2023-12-18T05:00:00Z,27423,51.61
52.33,52.71,51.67,692,51.67,2023-12-19T05:00:00Z,30494,52.32
53.2,55.92,51.58,1059,51.86,2023-12-20T05:00:00Z,32068,53.67
53.65,54.11,53.11,568,53.29,2023-12-21T05:00:00Z,15431,53.6
54.2,54.4,53.12,957,53.39,2023-12-22T05:00:00Z,30230,53.81
54.85,55.39,53.73,580,53.73,2023-12-26T05:00:00Z,14034,54.83
55.17,55.44,54.52,755,55.16,2023-12-27T05:00:00Z,18285,55.13
54.9,55.29,54.56,512,54.79,2023-12-28T05:00:00Z,18258,54.9
53.6,55.18,53.49,631,55.18,2023-12-29T05:00:00Z,20981,53.79
53.42,54.13,51.83,1277,53.36,2024-01-02T05:00:00Z,32149,52.95
51.71,53.22,51.64,901,53.21,2024-01-03T05:00:00Z,18481,51.98
51.42,52.39,51.05,983,51.97,2024-01-04T05:00:00Z,21184,51.62
50.86,51.77,50.56,868,50.95,2024-01-05T05:00:00Z,23719,51.01
50.56,51.05,49.85,717,51.05,2024-01-08T05:00:00Z,17926,50.35
49.93,50.23,49.8,539,49.9,2024-01-09T05:00:00Z,10593,49.97
50.07,50.33,49.37,525,49.48,2024-01-10T05:00:00Z,16706,49.99
49.69,49.74,48.79,511,49.61,2024-01-11T05:00:00Z,12623,49.59
49.96,50.22,49.37,819,50.0,2024-01-12T05:00:00Z,17779,49.86
47.86,49.47,47.27,932,49.47,2024-01-16T05:00:00Z,37122,47.95
48.48,48.66,47.35,960,47.42,2024-01-17T05:00:00Z,18129,48.32
48.98,49.11,47.73,875,48.0,2024-01-18T05:00:00Z,22525,48.29
49.29,49.86,48.62,989,49.32,2024-01-19T05:00:00Z,28736,49.21
50.24,50.35,49.43,1192,49.56,2024-01-22T05:00:00Z,27762,50.05
49.41,50.36,49.09,1054,50.36,2024-01-23T05:00:00Z,21015,49.51
50.33,50.33,49.63,1125,50.05,2024-01-24T05:00:00Z,16227,50.19
51.81,51.81,49.78,1326,50.9,2024-01-25T05:00:00Z,30896,51.48
52.54,52.81,51.8,847,52.81,2024-01-26T05:00:00Z,16402,52.52
52.78,53.11,52.01,494,52.01,2024-01-29T05:00:00Z,10096,52.68
52.79,52.95,52.15,753,52.38,2024-01-30T05:00:00Z,16388,52.64
49.74,52.38,49.74,668,52.36,2024-01-31T05:00:00Z,19782,50.3
49.84,50.53,48.58,1265,49.64,2024-02-01T05:00:00Z,21410,49.81
49.12,49.76,48.78,623,49.46,2024-02-02T05:00:00Z,12409,49.17
48.64,49.07,48.31,582,49.04,2024-02-05T05:00:00Z,16307,48.67
47.52,48.39,46.53,1000,48.36,2024-02-06T05:00:00Z,26501,47.49
46.54,47.71,45.99,870,47.71,2024-02-07T05:00:00Z,26250,46.6
47.57,47.67,46.65,495,47.21,2024-02-08T05:00:00Z,12706,47.47
48.36,48.7,47.18,676,47.59,2024-02-09T05:00:00Z,14833,48.24
49.86,50.77,48.3,1157,48.35,2024-02-12T05:00:00Z,24773,49.81
46.71,49.09,46.21,1170,49.09,2024-02-13T05:00:00Z,29681,47.18
48.58,48.59,46.81,1102,47.39,2024-02-14T05:00:00Z,30216,47.87
50.78,50.85,50.01,631,50.01,2024-02-15T05:00:00Z,16342,50.76
49.8,50.55,49.54,622,50.49,2024-02-16T05:00:00Z,14010,50.14
49.08,50.37,49.08,418,49.2,2024-02-20T05:00:00Z,11439,49.3
48.53,49.15,48.1,480,48.59,2024-02-21T05:00:00Z,11129,48.56
47.87,48.85,46.93,874,48.29,2024-02-22T05:00:00Z,18729,47.79
47.87,48.19,47.74,363,47.91,2024-02-23T05:00:00Z,5241,47.88
47.85,48.16,47.57,553,47.62,2024-02-26T05:00:00Z,7818,47.84
47.46,48.3,47.46,436,48.06,2024-02-27T05:00:00Z,8226,47.56
47.09,47.32,46.81,520,47.01,2024-02-28T05:00:00Z,8101,47.1
47.87,47.9,47.15,351,47.9,2024-02-29T05:00:00Z,12208,47.84
47.13,47.91,46.88,653,47.63,2024-03-01T05:00:00Z,8946,47.19
46.58,46.91,46.45,511,46.64,2024-03-04T05:00:00Z,6629,46.6
47.97,48.38,47.44,534,47.44,2024-03-05T05:00:00Z,10472,47.8
47.91,48.2,47.71,593,47.83,2024-03-06T05:00:00Z,24311,47.91
47.85,48.49,47.4,381,48.49,2024-03-07T05:00:00Z,8036,47.87
48.78,48.95,47.48,635,48.36,2024-03-08T05:00:00Z,11422,48.45
48.57,48.57,48.57,513,48.57,2024-03-11T04:00:00Z,4331,48.57
48.18,48.58,47.64,488,48.58,2024-03-12T04:00:00Z,6698,48.17
47.51,47.9,47.44,575,47.85,2024-03-13T04:00:00Z,7978,47.54
47.02,47.37,46.24,487,47.37,2024-03-14T04:00:00Z,12931,46.85
47.85,47.85,46.15,747,46.15,2024-03-15T04:00:00Z,53733,47.26
45.89,47.86,45.89,889,47.86,2024-03-18T04:00:00Z,17315,46.31
46.58,46.77,45.62,513,45.62,2024-03-19T04:00:00Z,16799,46.47
48.71,48.88,46.17,953,46.65,2024-03-20T04:00:00Z,19471,48.25
49.55,49.55,48.74,786,48.74,2024-03-21T04:00:00Z,13400,49.39
48.51,48.76,48.18,439,48.66,2024-03-22T04:00:00Z,12601,48.54
48.15,48.53,48.15,290,48.29,2024-03-25T04:00:00Z,5017,48.26
47.56,48.44,47.43,640,48.18,2024-03-26T04:00:00Z,14253,47.68
49.55,49.55,47.55,692,47.55,2024-03-27T04:00:00Z,12414,49.27
49.98,50.14,48.29,302,49.3,2024-03-28T04:00:00Z,13411,49.62
48.14,50.47,47.91,606,50.47,2024-04-01T04:00:00Z,15514,48.51
48.38,48.43,46.13,1028,47.47,2024-04-02T04:00:00Z,42485,48.05
48.29,49.15,47.87,519,47.87,2024-04-03T04:00:00Z,12891,48.37
49.07,49.94,48.59,575,48.59,2024-04-04T04:00:00Z,16687,49.06
49.36,49.44,48.66,436,49.44,2024-04-05T04:00:00Z,8380,49.26
48.79,49.53,48.78,500,49.39,2024-04-08T04:00:00Z,10339,48.94
48.86,49.06,48.36,415,48.36,2024-04-09T04:00:00Z,7632,48.78
47.74,48.03,45.87,1046,48.03,2024-04-10T04:00:00Z,21755,47.43
47.68,47.68,47.04,939,47.63,2024-04-11T04:00:00Z,16710,47.6
47.09,47.72,46.97,813,47.6,2024-04-12T04:00:00Z,13596,47.24
46.84,47.04,46.38,427,46.73,2024-04-15T04:00:00Z,7220,46.81
46.07,47.0,46.06,417,46.06,2024-04-16T04:00:00Z,7048,46.22
46.36,47.39,46.1,598,46.11,2024-04-17T04:00:00Z,12359,46.46
46.35,47.51,45.9,1021,46.62,2024-04-18T04:00:00Z,26303,46.4
48.88,49.27,46.26,716,46.26,2024-04-19T04:00:00Z,22647,48.13
48.11,49.63,48.02,1215,48.66,2024-04-22T04:00:00Z,22735,48.37
48.97,49.39,48.78,870,49.08,2024-04-23T04:00:00Z,16042,49.02
48.83,48.83,47.53,1359,48.24,2024-04-24T04:00:00Z,22297,48.63
49.05,49.13,47.14,1251,47.14,2024-04-25T04:00:00Z,19350,48.81
49.49,49.49,48.52,864,48.52,2024-04-26T04:00:00Z,18238,49.24
50.23,50.62,49.49,795,49.49,2024-04-29T04:00:00Z,24101,50.01
49.71,50.26,49.17,776,50.23,2024-04-30T04:00:00Z,19146,49.72
50.54,50.57,48.52,921,49.98,2024-05-01T04:00:00Z,17568,50.21
50.81,50.86,50.18,707,50.52,2024-05-02T04:00:00Z,21447,50.66
51.58,51.97,50.8,876,50.96,2024-05-03T04:00:00Z,17568,51.41
52.74,52.8,51.84,1210,51.97,2024-05-06T04:00:00Z,30609,52.64
52.33,53.39,52.27,643,52.86,2024-05-07T04:00:00Z,15060,52.53
52.74,52.89,51.79,575,51.89,2024-05-08T04:00:00Z,10586,52.5
53.48,53.48,52.71,644,53.17,2024-05-09T04:00:00Z,11523,53.39
52.86,53.23,51.88,860,53.23,2024-05-10T04:00:00Z,16363,52.51
52.08,52.91,52.08,630,52.71,2024-05-13T04:00:00Z,16064,52.34
52.74,53.38,52.09,612,52.63,2024-05-14T04:00:00Z,15254,52.48
53.16,53.44,52.7,783,53.07,2024-05-15T04:00:00Z,19664,53.01
53.21,53.39,52.81,693,53.39,2024-05-16T04:00:00Z,11683,53.13
53.41,53.78,53.09,381,53.21,2024-05-17T04:00:00Z,10577,53.35
52.33,53.39,52.28,1312,53.18,2024-05-20T04:00:00Z,16732,52.65
52.56,52.58,51.75,1162,52.15,2024-05-21T04:00:00Z,16541,52.32
52.68,52.86,51.94,1791,52.19,2024-05-22T04:00:00Z,25796,52.59
50.91,52.64,50.35,1306,52.64,2024-05-23T04:00:00Z,26274,50.92
51.36,51.66,50.12,753,51.15,2024-05-24T04:00:00Z,18979,51.02
50.73,50.86,50.31,728,50.74,2024-05-28T04:00:00Z,12976,50.66
49.03,49.92,48.34,694,49.92,2024-05-29T04:00:00Z,16640,49.03
49.45,49.68,48.63,1049,49.26,2024-05-30T04:00:00Z,25277,49.43
50.75,50.82,49.29,740,49.53,2024-05-31T04:00:00Z,33816,49.94
49.78,51.12,49.55,533,51.12,2024-06-03T04:00:00Z,9861,49.85
48.61,49.21,48.27,464,49.21,2024-06-04T04:00:00Z,12319,48.63
49.61,49.77,48.88,356,49.06,2024-06-05T04:00:00Z,11717,49.35
49.61,49.99,49.0,588,49.2,2024-06-06T04:00:00Z,9756,49.43
49.46,49.58,49.46,397,49.5,2024-06-07T04:00:00Z,5921,49.47
48.82,49.14,47.96,371,48.83,2024-06-10T04:00:00Z,9647,48.62
48.51,48.55,47.96,339,48.18,2024-06-11T04:00:00Z,9166,48.46
49.98,50.48,48.86,505,49.76,2024-06-12T04:00:00Z,11882,49.98
49.81,50.21,49.17,401,49.98,2024-06-13T04:00:00Z,21398,49.76
49.03,49.69,48.7,450,49.69,2024-06-14T04:00:00Z,9470,49.15
49.67,49.79,49.04,334,49.1,2024-06-17T04:00:00Z,6601,49.58
50.37,50.53,49.78,319,49.86,2024-06-18T04:00:00Z,9528,50.35
50.27,50.86,49.98,315,49.98,2024-06-20T04:00:00Z,7954,50.25
48.14,50.42,48.1,582,50.42,2024-06-21T04:00:00Z,72527,48.71
49.09,49.75,48.28,951,48.4,2024-06-24T04:00:00Z,21122,48.92
48.45,48.82,48.45,487,48.82,2024-06-25T04:00:00Z,6383,48.47
50.05,50.42,48.27,771,48.27,2024-06-26T04:00:00Z,14322,49.97
50.37,50.37,49.65,574,49.89,2024-06-27T04:00:00Z,16876,50.23
52.98,53.8,48.33,1353,50.02,2024-06-28T04:00:00Z,90704,52.83
52.28,52.76,51.76,1123,52.76,2024-07-01T04:00:00Z,21202,52.22
52.57,52.73,52.13,715,52.58,2024-07-02T04:00:00Z,17288,52.6
52.13,52.62,51.87,358,51.87,2024-07-03T04:00:00Z,8139,52.14
50.84,52.15,50.2,471,51.89,2024-07-05T04:00:00Z,8110,50.91
51.26,51.61,51.02,312,51.29,2024-07-08T04:00:00Z,9135,51.26
51.49,51.8,51.1,374,51.24,2024-07-09T04:00:00Z,9332,51.46
52.51,52.51,51.49,307,51.5,2024-07-10T04:00:00Z,8870,52.23
55.71,55.81,53.56,819,53.56,2024-07-11T04:00:00Z,25619,55.14
56.45,56.87,55.99,513,56.16,2024-07-12T04:00:00Z,15839,56.45
57.79,59.49,57.05,843,57.18,2024-07-15T04:00:00Z,31161,58.06
61.0,61.36,57.79,914,58.01,2024-07-16T04:00:00Z,29411,60.12
62.39,62.74,59.43,1247,60.58,2024-07-17T04:00:00Z,27812,62.17
61.37,63.44,61.25,1009,61.73,2024-07-18T04:00:00Z,30144,61.95
60.77,63.59,60.38,769,63.01,2024-07-19T04:00:00Z,26208,61.95
63.35,63.7,59.98,936,61.03,2024-07-22T04:00:00Z,21203,63.01
65.98,66.77,62.64,1094,62.64,2024-07-23T04:00:00Z,26547,65.66
63.06,66.05,62.75,1085,66.05,2024-07-24T04:00:00Z,38974,64.18
66.88,68.19,63.34,997,63.35,2024-07-25T04:00:00Z,26625,66.61
66.88,68.02,65.56,600,67.41,2024-07-26T04:00:00Z,18125,66.75
63.98,66.45,63.52,684,66.45,2024-07-29T04:00:00Z,14539,64.24
65.57,65.72,63.98,647,63.98,2024-07-30T04:00:00Z,16613,65.38
64.85,67.39,64.85,623,65.28,2024-07-31T04:00:00Z,23274,65.17
62.23,63.55,61.68,953,63.55,2024-08-01T04:00:00Z,22510,62.28
59.93,60.38,59.03,742,59.55,2024-08-02T04:00:00Z,16250,59.85
57.67,58.21,56.75,707,57.41,2024-08-05T04:00:00Z,17694,57.47
57.22,58.22,56.86,549,57.37,2024-08-06T04:00:00Z,11117,57.3
56.7,58.1,56.52,483,58.1,2024-08-07T04:00:00Z,10554,56.89
57.27,57.32,56.41,592,57.3,2024-08-08T04:00:00Z,8495,57.21
57.11,57.4,56.33,374,56.37,2024-08-09T04:00:00Z,9999,56.99
55.73,56.68,54.23,642,54.23,2024-08-12T04:00:00Z,14684,55.74
56.75,57.34,55.73,598,55.73,2024-08-13T04:00:00Z,11394,56.72
56.27,56.74,55.82,667,56.74,2024-08-14T04:00:00Z,10770,56.21
57.78,59.4,57.53,1188,57.92,2024-08-15T04:00:00Z,13961,58.1
59.08,59.08,57.81,916,57.81,2024-08-16T04:00:00Z,11961,58.68
59.33,59.54,58.39,566,58.65,2024-08-19T04:00:00Z,7098,59.25
58.17,58.25,58.17,421,58.22,2024-08-20T04:00:00Z,6722,58.18
58.0,58.4,57.79,376,57.79,2024-08-21T04:00:00Z,6535,58.0
59.41,59.81,57.83,867,58.36,2024-08-22T04:00:00Z,26345,59.28
63.79,64.85,60.22,813,60.22,2024-08-23T04:00:00Z,16199,63.8
63.43,64.36,62.59,1079,64.11,2024-08-26T04:00:00Z,20948,63.36
62.63,63.43,62.63,548,63.01,2024-08-27T04:00:00Z,7223,62.81
63.14,63.53,62.26,1522,62.89,2024-08-28T04:00:00Z,15530,62.91
63.74,64.08,63.28,1011,64.08,2024-08-29T04:00:00Z,10273,63.68
63.15,63.32,61.88,658,62.97,2024-08-30T04:00:00Z,16955,63.06
62.31,63.23,61.7,587,63.0,2024-09-03T04:00:00Z,10037,62.49
61.47,61.47,60.77,468,61.22,2024-09-04T04:00:00Z,7387,61.34
61.08,61.78,60.22,722,61.76,2024-09-05T04:00:00Z,8602,61.11
60.13,61.42,60.02,681,61.42,2024-09-06T04:00:00Z,13336,60.25
60.85,62.0,60.85,1348,62.0,2024-09-09T04:00:00Z,14011,61.01
61.68,61.92,60.27,1199,60.53,2024-09-10T04:00:00Z,12734,61.48
61.66,61.91,60.12,712,60.14,2024-09-11T04:00:00Z,11154,61.42
61.92,62.74,60.71,874,61.76,2024-09-12T04:00:00Z,35922,61.87
63.92,64.43,61.97,756,62.55,2024-09-13T04:00:00Z,11095,63.51
64.53,65.69,63.97,1033,63.97,2024-09-16T04:00:00Z,24153,64.65
64.98,66.46,64.13,1090,65.01,2024-09-17T04:00:00Z,22365,65.08
65.99,67.27,64.27,1059,64.52,2024-09-18T04:00:00Z,22197,65.97
67.55,67.55,65.86,912,67.37,2024-09-19T04:00:00Z,14122,67.07
64.95,67.02,64.81,1344,66.68,2024-09-20T04:00:00Z,85245,65.6
64.72,65.06,64.25,1165,65.06,2024-09-23T04:00:00Z,14387,64.69
63.46,64.74,63.39,1313,64.27,2024-09-24T04:00:00Z,14008,63.56
63.46,63.79,62.74,1246,63.3,2024-09-25T04:00:00Z,13690,63.45
63.8,64.72,63.29,1092,64.17,2024-09-26T04:00:00Z,15207,63.93
63.89,64.78,63.77,1138,64.69,2024-09-27T04:00:00Z,15405,64.05
64.93,65.29,63.56,1448,63.56,2024-09-30T04:00:00Z,25194,64.79
62.04,64.48,61.85,988,64.48,2024-10-01T04:00:00Z,23835,62.42
61.9,62.31,61.22,645,61.22,2024-10-02T04:00:00Z,13682,61.77
60.92,61.85,60.84,628,61.25,2024-10-03T04:00:00Z,11722,61.12
62.52,62.71,61.65,653,61.9,2024-10-04T04:00:00Z,12855,62.39
62.77,62.77,61.93,1045,62.61,2024-10-07T04:00:00Z,14835,62.57
62.38,63.62,61.96,529,63.61,2024-10-08T04:00:00Z,10293,62.61
62.98,64.03,62.69,714,63.25,2024-10-09T04:00:00Z,9943,63.17
62.76,63.17,61.79,614,62.21,2024-10-10T04:00:00Z,12751,62.56
65.25,65.26,64.62,587,64.82,2024-10-11T04:00:00Z,7780,65.15
64.83,65.51,64.75,726,65.14,2024-10-14T04:00:00Z,8509,64.95
65.23,66.83,64.9,1419,65.32,2024-10-15T04:00:00Z,19568,65.41
66.82,67.18,66.28,720,66.28,2024-10-16T04:00:00Z,11628,66.8
67.37,67.81,66.42,1430,67.1,2024-10-17T04:00:00Z,19641,67.2
68.71,69.6,68.09,1070,68.25,2024-10-18T04:00:00Z,26268,68.75
66.56,69.27,66.56,1040,69.11,2024-10-21T04:00:00Z,18099,67.14
67.58,67.58,65.09,723,65.09,2024-10-22T04:00:00Z,11779,66.2
67.69,67.96,66.68,912,66.84,2024-10-23T04:00:00Z,17764,67.51
67.8,68.27,66.87,1233,67.48,2024-10-24T04:00:00Z,13406,67.69
66.65,67.85,66.56,957,67.85,2024-10-25T04:00:00Z,13753,66.82
69.18,70.21,67.88,1089,67.9,2024-10-28T04:00:00Z,18051,69.26
68.37,68.84,68.36,739,68.38,2024-10-29T04:00:00Z,9454,68.44
68.5,69.63,68.5,725,69.54,2024-10-30T04:00:00Z,10328,68.81
67.12,68.95,67.1,737,68.95,2024-10-31T04:00:00Z,11956,67.21
67.11,67.34,66.27,921,67.34,2024-11-01T04:00:00Z,13330,66.67
65.66,67.21,65.46,1437,67.21,2024-11-04T05:00:00Z,31107,65.86
67.74,67.74,64.52,969,65.59,2024-11-05T05:00:00Z,16580,67.32
77.21,79.3,71.59,2448,71.59,2024-11-06T05:00:00Z,56120,76.64
73.72,77.19,73.66,1576,77.19,2024-11-07T05:00:00Z,23298,74.39
75.81,76.04,74.06,747,74.1,2024-11-08T05:00:00Z,17032,75.47
77.67,78.51,77.41,1360,77.84,2024-11-11T05:00:00Z,28003,77.88
77.68,78.35,75.15,1469,75.15,2024-11-12T05:00:00Z,29565,77.63
76.0,79.08,75.91,878,78.61,2024-11-13T05:00:00Z,19285,76.65
76.22,76.57,74.89,1263,75.33,2024-11-14T05:00:00Z,20040,76.1
75.78,76.9,75.06,893,76.9,2024-11-15T05:00:00Z,12923,75.96
74.43,75.78,74.31,867,75.65,2024-11-18T05:00:00Z,17506,74.63
74.87,74.87,73.47,968,73.73,2024-11-19T05:00:00Z,12220,74.57
74.42,74.46,73.03,792,73.94,2024-11-20T05:00:00Z,11042,73.93
75.58,76.06,74.89,1293,75.43,2024-11-21T05:00:00Z,14999,75.57
77.18,77.18,75.59,796,75.59,2024-11-22T05:00:00Z,13444,77.04
77.39,80.22,77.39,1086,78.54,2024-11-25T05:00:00Z,26428,77.95
76.64,77.29,75.68,811,77.29,2024-11-26T05:00:00Z,11832,76.63
76.92,77.89,76.38,741,77.78,2024-11-27T05:00:00Z,10511,76.97
75.84,76.9,75.58,734,76.9,2024-11-29T05:00:00Z,13913,76.09
76.41,76.99,74.58,1148,76.17,2024-12-02T05:00:00Z,17862,76.33
75.25,76.49,74.97,1013,76.49,2024-12-03T05:00:00Z,12604,75.42
75.6,75.97,74.67,754,75.26,2024-12-04T05:00:00Z,19817,75.49
75.99,76.24,75.34,1348,75.71,2024-12-05T05:00:00Z,16406,75.9
75.51,76.61,74.91,937,76.61,2024-12-06T05:00:00Z,15633,75.46
74.12,75.86,74.12,1087,75.86,2024-12-09T05:00:00Z,14951,74.41
75.11,76.83,74.72,2085,75.95,2024-12-10T05:00:00Z,40391,75.73
76.54,77.16,75.51,800,76.27,2024-12-11T05:00:00Z,19891,76.52
75.9,76.88,74.51,1523,75.48,2024-12-12T05:00:00Z,22306,75.88
76.39,76.39,74.96,645,75.05,2024-12-13T05:00:00Z,10901,76.06
76.26,76.9,75.95,1051,76.9,2024-12-16T05:00:00Z,13395,76.28
74.67,77.04,74.0,1255,75.49,2024-12-17T05:00:00Z,17983,74.93
70.1,75.63,70.1,1414,75.63,2024-12-18T05:00:00Z,18398,70.8
70.43,71.83,70.17,1658,71.29,2024-12-19T05:00:00Z,24574,70.77
71.71,72.9,69.31,1351,69.31,2024-12-20T05:00:00Z,68371,71.288077
70.86,71.52,70.42,950,71.16,2024-12-23T05:00:00Z,10552,70.819173
71.59,71.59,70.25,496,71.26,2024-12-24T05:00:00Z,7231,71.341187
71.93,71.93,71.02,661,71.06,2024-12-26T05:00:00Z,10061,71.715479
70.68,73.39,69.06,923,71.94,2024-12-27T05:00:00Z,17428,70.532234
70.12,70.86,69.83,933,70.54,2024-12-30T05:00:00Z,12513,70.195023
69.87,71.87,69.86,636,70.44,2024-12-31T05:00:00Z,14047,70.204275
68.99,71.8,68.0891,934,71.8,2025-01-02T05:00:00Z,14229,68.962744
