c,h,l,n,o,t,v,vw
20.0,21.0925,19.568,553,20.57,2016-01-04T05:00:00Z,56293,20.035499
20.83,20.99,20.0,685,20.0,2016-01-05T05:00:00Z,76788,20.455241
21.4,21.45,20.37,324,20.37,2016-01-06T05:00:00Z,37127,21.063019
20.38,20.86,20.07,597,20.86,2016-01-07T05:00:00Z,57442,20.358829
20.05,20.835,19.41,546,20.55,2016-01-08T05:00:00Z,66720,20.13941
19.62,20.3,19.18,475,20.13,2016-01-11T05:00:00Z,45144,19.583649
19.18,19.89,19.18,579,19.73,2016-01-12T05:00:00Z,59203,19.575326
19.22,19.44,19.15,301,19.15,2016-01-13T05:00:00Z,26569,19.315318
19.18,19.6,19.14,451,19.29,2016-01-14T05:00:00Z,47407,19.367508
18.95,19.2,17.8301,876,18.7,2016-01-15T05:00:00Z,107319,18.942559
18.73,19.32,18.44,500,19.13,2016-01-19T05:00:00Z,48538,18.924396
18.46,18.81,17.67,603,18.39,2016-01-20T05:00:00Z,59688,18.294854
18.68,18.87,18.51,542,18.61,2016-01-21T05:00:00Z,52768,18.678267
19.81,19.88,18.91,504,19.02,2016-01-22T05:00:00Z,50555,19.560779
19.85,20.41,19.8,498,19.8,2016-01-25T05:00:00Z,48805,20.013017
19.89,20.465,19.51,424,19.89,2016-01-26T05:00:00Z,57558,19.981971
19.79,19.92,19.55,562,19.66,2016-01-27T05:00:00Z,44241,19.808033
20.59,20.82,19.98,479,20.0,2016-01-28T05:00:00Z,53206,20.456398
20.49,21.18,20.35,493,20.62,2016-01-29T05:00:00Z,55928,20.763674
20.95,21.19,19.686,447,20.48,2016-02-01T05:00:00Z,65061,20.913213
20.87,21.34,20.06,503,20.79,2016-02-02T05:00:00Z,53742,21.008886
20.1,21.1,20.0,649,21.1,2016-02-03T05:00:00Z,68080,20.274886
20.47,20.69,19.781,256,20.08,2016-02-04T05:00:00Z,27005,20.458952
20.06,20.35,19.62,376,20.33,2016-02-05T05:00:00Z,54102,19.917833
19.19,19.96,19.073,697,19.61,2016-02-08T05:00:00Z,70972,19.521323
18.44,20.39,18.3,840,19.1,2016-02-09T05:00:00Z,88732,18.712383
19.96,20.32,18.58,797,18.58,2016-02-10T05:00:00Z,84894,19.759475
18.96,19.74,18.96,514,19.74,2016-02-11T05:00:00Z,44034,19.245552
19.95,20.0,19.0,443,19.21,2016-02-12T05:00:00Z,51599,19.641758
20.27,20.54,19.75,890,19.96,2016-02-16T05:00:00Z,90610,20.167141
20.92,21.2841,20.39,1072,20.39,2016-02-17T05:00:00Z,108327,21.026275
20.64,21.9,20.6,654,20.89,2016-02-18T05:00:00Z,83002,21.258889
20.87,21.5299,20.51,669,20.51,2016-02-19T05:00:00Z,75873,21.102748
21.15,21.4,21.005,564,21.11,2016-02-22T05:00:00Z,68457,21.184039
20.9,21.48,20.39,419,21.1,2016-02-23T05:00:00Z,47097,21.032893
21.15,21.2,20.0,184,20.72,2016-02-24T05:00:00Z,28078,20.630021
21.08,21.21,20.88,298,21.12,2016-02-25T05:00:00Z,33515,21.046369
22.73,22.8799,21.29,595,21.29,2016-02-26T05:00:00Z,81171,22.245604
23.02,23.21,22.1495,702,22.8,2016-02-29T05:00:00Z,77342,23.002102
23.0,23.18,22.32,675,23.0,2016-03-01T05:00:00Z,107809,22.827609
22.26,23.01,21.49,466,23.01,2016-03-02T05:00:00Z,52444,22.059219
21.68,22.3734,21.0201,1320,22.07,2016-03-03T05:00:00Z,50329,21.627234
22.35,22.38,21.131,516,21.64,2016-03-04T05:00:00Z,45961,22.131562
21.8,22.23,21.4912,672,22.2,2016-03-07T05:00:00Z,60760,21.859671
21.53,21.75,21.508,556,21.75,2016-03-08T05:00:00Z,47439,21.611268
22.0,22.14,21.7,256,21.93,2016-03-09T05:00:00Z,25654,21.91196
22.08,22.31,21.91,234,22.1,2016-03-10T05:00:00Z,25980,22.075723
22.54,22.68,22.14,374,22.3,2016-03-11T05:00:00Z,35738,22.366276
22.3,22.98,22.3,389,22.66,2016-03-14T04:00:00Z,34593,22.66597
21.7,22.9796,21.57,386,22.13,2016-03-15T04:00:00Z,41295,21.871087
22.0,22.3,21.79,345,21.79,2016-03-16T04:00:00Z,40526,21.996222
22.39,22.43,22.03,293,22.09,2016-03-17T04:00:00Z,27436,22.280487
22.38,22.7,22.27,321,22.43,2016-03-18T04:00:00Z,33890,22.419132
22.16,22.47,22.07,249,22.47,2016-03-21T04:00:00Z,28729,22.261201
22.73,23.0,22.02,270,22.16,2016-03-22T04:00:00Z,35788,22.543426
22.62,22.89,22.22,387,22.68,2016-03-23T04:00:00Z,44931,22.523596
22.42,22.77,22.0116,185,22.55,2016-03-24T04:00:00Z,22991,22.404357
22.74,22.93,22.4106,369,22.52,2016-03-28T04:00:00Z,32200,22.751725
22.94,23.03,22.47,358,22.95,2016-03-29T04:00:00Z,40329,22.897499
22.57,23.08,22.24,478,22.98,2016-03-30T04:00:00Z,43978,22.57204
22.45,22.686,22.26,222,22.49,2016-03-31T04:00:00Z,20469,22.462883
22.64,22.79,22.23,300,22.27,2016-04-01T04:00:00Z,27699,22.543277
22.38,22.51,21.47,512,22.5,2016-04-04T04:00:00Z,51162,21.914261
21.88,22.18,21.62,221,22.18,2016-04-05T04:00:00Z,24800,21.837861
22.14,22.14,21.64,177,21.93,2016-04-06T04:00:00Z,18705,22.020234
21.83,22.27,21.72,99,22.03,2016-04-07T04:00:00Z,8501,21.890307
21.85,22.03,21.6,203,22.01,2016-04-08T04:00:00Z,23448,21.755603
22.36,22.5,21.7845,158,21.93,2016-04-11T04:00:00Z,25287,22.278239
22.26,22.58,22.03,170,22.49,2016-04-12T04:00:00Z,20761,22.299971
21.77,22.29,21.63,421,22.25,2016-04-13T04:00:00Z,40085,22.01675
22.55,22.69,21.72,308,21.87,2016-04-14T04:00:00Z,52431,22.059553
23.33,23.43,22.47,214,22.6,2016-04-15T04:00:00Z,24105,23.142137
24.7,24.86,23.23,491,23.27,2016-04-18T04:00:00Z,64553,24.316702
24.98,26.48,24.7,623,24.98,2016-04-19T04:00:00Z,76754,25.517671
25.94,26.07,24.84,624,25.15,2016-04-20T04:00:00Z,65911,25.691914
25.46,26.05,25.41,330,26.0,2016-04-21T04:00:00Z,38552,25.615657
25.07,25.79,24.98,224,25.38,2016-04-22T04:00:00Z,22376,25.221725
24.56,25.64,24.44,428,25.64,2016-04-25T04:00:00Z,48954,24.911889
24.65,24.79,24.38,473,24.6,2016-04-26T04:00:00Z,51963,24.613951
24.69,24.79,24.4,192,24.54,2016-04-27T04:00:00Z,23805,24.614141
24.58,25.08,24.58,195,24.7,2016-04-28T04:00:00Z,22749,24.804391
24.555,24.63,24.0101,276,24.63,2016-04-29T04:00:00Z,28662,24.30458
24.21,24.59,23.73,331,24.45,2016-05-02T04:00:00Z,30121,24.155096
23.42,24.09,23.2101,371,23.95,2016-05-03T04:00:00Z,38703,23.694316
23.33,23.87,22.39,264,23.22,2016-05-04T04:00:00Z,19036,23.103429
23.22,23.65,23.17,132,23.51,2016-05-05T04:00:00Z,11313,23.350616
22.79,23.49,22.66,146,23.22,2016-05-06T04:00:00Z,14418,22.993942
23.67,23.72,22.84,332,22.98,2016-05-09T04:00:00Z,53924,23.273352
24.16,25.07,24.03,460,24.55,2016-05-10T04:00:00Z,57180,24.486024
23.95,24.04,23.58,267,24.04,2016-05-11T04:00:00Z,18460,23.900321
24.07,24.15,23.7113,188,24.07,2016-05-12T04:00:00Z,23569,24.074497
24.0,24.02,23.54,313,23.54,2016-05-13T04:00:00Z,16938,23.927148
24.31,24.9,24.08,190,24.08,2016-05-16T04:00:00Z,25646,24.547091
23.56,24.6518,23.42,404,24.37,2016-05-17T04:00:00Z,30311,24.148868
23.59,23.91,23.5,351,23.55,2016-05-18T04:00:00Z,32576,23.60835
23.37,23.8,23.02,423,23.53,2016-05-19T04:00:00Z,37885,23.302503
23.84,23.92,23.3,226,23.39,2016-05-20T04:00:00Z,30950,23.586481
23.02,23.89,22.82,180,23.89,2016-05-23T04:00:00Z,22361,23.370691
23.36,23.53,23.12,188,23.17,2016-05-24T04:00:00Z,20607,23.288823
23.81,23.87,23.13,353,23.4569,2016-05-25T04:00:00Z,38290,23.585578
23.3,24.0,23.15,256,24.0,2016-05-26T04:00:00Z,34652,23.539638
23.47,23.57,23.31,266,23.31,2016-05-27T04:00:00Z,39611,23.480347
23.47,23.748,23.25,423,23.72,2016-05-31T04:00:00Z,58947,23.351994
23.69,24.04,23.42,494,23.43,2016-06-01T04:00:00Z,43894,23.78621
23.34,23.83,23.055,308,23.72,2016-06-02T04:00:00Z,28846,23.437753
23.64,23.8399,23.2,225,23.33,2016-06-03T04:00:00Z,31293,23.401978
24.24,24.49,23.32,311,23.83,2016-06-06T04:00:00Z,34175,24.029424
24.19,24.32,24.07,251,24.31,2016-06-07T04:00:00Z,28147,24.188985
24.31,24.41,24.15,274,24.31,2016-06-08T04:00:00Z,26734,24.242746
24.76,24.97,24.04,203,24.24,2016-06-09T04:00:00Z,29754,24.438204
24.5,24.67,24.405,159,24.67,2016-06-10T04:00:00Z,13106,24.527312
24.36,24.41,24.15,148,24.41,2016-06-13T04:00:00Z,17082,24.289332
23.91,24.22,23.76,233,24.2,2016-06-14T04:00:00Z,22894,23.992422
24.08,24.1,23.72,129,23.95,2016-06-15T04:00:00Z,16945,23.845376
23.76,24.0,23.6,101,23.84,2016-06-16T04:00:00Z,18279,23.767199
24.13,24.19,23.58,139,23.84,2016-06-17T04:00:00Z,15574,23.896412
24.08,24.41,24.03,216,24.41,2016-06-20T04:00:00Z,23385,24.280506
24.04,24.19,23.87,240,24.09,2016-06-21T04:00:00Z,22941,24.039804
24.08,24.49,24.04,274,24.04,2016-06-22T04:00:00Z,35851,24.206609
24.38,24.39,24.05,101,24.17,2016-06-23T04:00:00Z,15087,24.182977
23.995,24.01,23.19,405,23.42,2016-06-24T04:00:00Z,43987,23.869584
24.23,24.36,23.81,267,23.81,2016-06-27T04:00:00Z,30259,24.161505
23.89,24.5,23.89,241,24.35,2016-06-28T04:00:00Z,21632,24.278462
23.99,24.47,23.7701,236,24.24,2016-06-29T04:00:00Z,27657,24.055566
24.36,24.445,24.01,302,24.01,2016-06-30T04:00:00Z,36081,24.251201
24.41,24.73,24.26,202,24.46,2016-07-01T04:00:00Z,38983,24.443192
24.71,24.98,24.1,224,24.29,2016-07-05T04:00:00Z,41229,24.3882
25.4,25.6,24.53,437,24.62,2016-07-06T04:00:00Z,53099,25.391267
25.82,25.94,25.53,437,25.53,2016-07-07T04:00:00Z,50150,25.789187
26.28,26.73,25.63,422,25.91,2016-07-08T04:00:00Z,47504,26.165688
27.02,27.35,26.0266,527,26.27,2016-07-11T04:00:00Z,57970,26.976756
27.04,27.32,26.86,286,27.24,2016-07-12T04:00:00Z,30979,27.126196
27.0,27.07,26.5,240,27.07,2016-07-13T04:00:00Z,28648,26.856021
27.74,27.9999,26.94,752,26.97,2016-07-14T04:00:00Z,107124,27.495193
27.33,27.88,27.2,276,27.67,2016-07-15T04:00:00Z,34663,27.427352
28.16,28.61,27.35,485,27.46,2016-07-18T04:00:00Z,66708,28.039656
29.23,29.4,28.0,803,28.18,2016-07-19T04:00:00Z,77502,28.751262
28.74,29.36,28.54,216,29.36,2016-07-20T04:00:00Z,28537,28.89695
28.05,28.75,28.02,214,28.65,2016-07-21T04:00:00Z,18667,28.445117
29.79,29.99,27.93,793,28.06,2016-07-22T04:00:00Z,100287,29.19632
29.57,29.98,29.45,470,29.78,2016-07-25T04:00:00Z,52622,29.706528
28.89,30.0,28.71,521,29.47,2016-07-26T04:00:00Z,72628,29.28173
28.91,29.0499,28.5,136,28.93,2016-07-27T04:00:00Z,16914,28.828741
29.93,30.0,28.09,1262,29.87,2016-07-28T04:00:00Z,158231,29.21477
29.9,30.49,29.81,795,30.0,2016-07-29T04:00:00Z,198887,30.052237
30.15,30.38,29.92,369,29.95,2016-08-01T04:00:00Z,69296,30.173575
28.72,30.15,28.71,809,30.01,2016-08-02T04:00:00Z,98948,28.965995
28.88,29.06,28.57,280,28.89,2016-08-03T04:00:00Z,29652,28.810008
28.8,29.53,28.72,615,29.12,2016-08-04T04:00:00Z,79829,29.093893
29.15,29.74,28.1949,612,28.97,2016-08-05T04:00:00Z,76065,28.71826
31.61,32.03,29.15,2006,29.59,2016-08-08T04:00:00Z,322528,30.9108
27.62,31.37,27.1001,2479,31.29,2016-08-09T04:00:00Z,296586,28.715182
27.0,27.94,25.78,2022,27.62,2016-08-10T04:00:00Z,218487,26.643948
27.01,27.3101,26.07,705,27.08,2016-08-11T04:00:00Z,64724,27.036404
27.47,27.54,26.64,656,27.08,2016-08-12T04:00:00Z,76079,27.363435
26.98,27.81,26.8101,585,27.51,2016-08-15T04:00:00Z,64861,27.082259
26.96,27.1,26.68,954,27.0,2016-08-16T04:00:00Z,102039,26.891706
26.68,27.07,26.47,626,27.07,2016-08-17T04:00:00Z,53831,26.744578
26.92,27.0,26.42,556,26.73,2016-08-18T04:00:00Z,62621,26.811348
27.0,27.1099,26.75,752,26.81,2016-08-19T04:00:00Z,83110,26.984499
27.09,27.31,26.93,336,27.18,2016-08-22T04:00:00Z,50407,27.09655
27.45,27.7,27.1,431,27.2,2016-08-23T04:00:00Z,46847,27.409858
27.54,27.7,27.23,579,27.63,2016-08-24T04:00:00Z,54604,27.492389
27.33,27.62,27.22,303,27.57,2016-08-25T04:00:00Z,20956,27.391299
27.16,27.42,27.01,414,27.24,2016-08-26T04:00:00Z,42160,27.173866
27.355,27.47,27.01,320,27.29,2016-08-29T04:00:00Z,36704,27.340187
27.5,27.59,27.25,315,27.41,2016-08-30T04:00:00Z,31756,27.452477
27.4,27.52,27.25,263,27.51,2016-08-31T04:00:00Z,26860,27.401856
27.26,27.6,27.25,399,27.25,2016-09-01T04:00:00Z,55981,27.324538
27.36,27.5,27.25,639,27.44,2016-09-02T04:00:00Z,59645,27.366902
27.53,27.765,27.39,981,27.41,2016-09-06T04:00:00Z,102106,27.543622
28.05,28.05,27.38,566,27.53,2016-09-07T04:00:00Z,59345,27.649687
28.25,28.63,27.9801,420,28.06,2016-09-08T04:00:00Z,42776,28.383316
27.51,28.395,27.35,395,28.19,2016-09-09T04:00:00Z,32074,27.654667
27.97,28.205,27.32,418,27.45,2016-09-12T04:00:00Z,47536,27.799124
27.5,28.03,27.3,475,27.71,2016-09-13T04:00:00Z,53211,27.437306
27.53,27.75,27.35,400,27.48,2016-09-14T04:00:00Z,44865,27.53056
27.66,27.9,27.46,264,27.475,2016-09-15T04:00:00Z,26628,27.704108
27.42,27.645,27.35,500,27.51,2016-09-16T04:00:00Z,50427,27.482857
27.38,27.75,27.35,397,27.45,2016-09-19T04:00:00Z,33008,27.456027
27.66,27.77,27.46,275,27.487,2016-09-20T04:00:00Z,26702,27.624496
28.71,28.77,27.64,288,28.0699,2016-09-21T04:00:00Z,44538,28.280441
28.67,28.97,28.465,544,28.61,2016-09-22T04:00:00Z,61346,28.75515
29.76,30.38,28.85,1850,29.17,2016-09-23T04:00:00Z,217919,29.429833
30.52,31.54,29.8,1562,29.99,2016-09-26T04:00:00Z,306254,30.75252
31.19,32.0,30.4,1064,30.52,2016-09-27T04:00:00Z,140684,31.370529
33.25,33.28,31.38,2049,31.38,2016-09-28T04:00:00Z,346488,32.669316
31.94,33.94,31.72,1552,33.45,2016-09-29T04:00:00Z,180311,32.190877
32.0,32.6,31.73,693,32.29,2016-09-30T04:00:00Z,77600,32.17834
32.8,33.41,32.4,908,32.47,2016-10-03T04:00:00Z,133451,32.730618
33.35,34.66,32.925,1126,33.32,2016-10-04T04:00:00Z,136816,33.691513
32.41,34.069,32.3,1260,33.56,2016-10-05T04:00:00Z,162142,32.954451
31.49,32.55,31.38,676,32.52,2016-10-06T04:00:00Z,69795,31.851238
31.33,31.995,31.15,459,31.21,2016-10-07T04:00:00Z,47085,31.373412
31.5,31.91,31.37,469,31.44,2016-10-10T04:00:00Z,49030,31.522497
31.18,31.62,30.91,644,31.55,2016-10-11T04:00:00Z,63010,31.137242
30.61,31.16,30.39,914,31.05,2016-10-12T04:00:00Z,95043,30.674877
29.54,30.78,29.5,851,30.62,2016-10-13T04:00:00Z,90732,30.06103
29.99,30.68,29.57,963,29.57,2016-10-14T04:00:00Z,98287,30.059358
29.8,30.0,29.65,656,29.98,2016-10-17T04:00:00Z,40667,29.777447
29.97,30.02,29.66,512,30.02,2016-10-18T04:00:00Z,41249,29.834749
30.1,30.37,29.75,582,30.1,2016-10-19T04:00:00Z,43127,30.03837
29.68,30.39,29.27,1216,30.32,2016-10-20T04:00:00Z,124058,29.670372
30.27,30.53,29.55,357,29.55,2016-10-21T04:00:00Z,30409,30.123292
31.02,31.02,30.51,359,30.63,2016-10-24T04:00:00Z,35395,30.796443
30.61,31.3216,30.32,262,31.1,2016-10-25T04:00:00Z,29917,30.690566
30.22,30.94,29.91,358,30.39,2016-10-26T04:00:00Z,40338,30.225072
30.03,30.44,29.88,435,30.12,2016-10-27T04:00:00Z,33539,30.066518
29.83,30.45,29.82,466,30.05,2016-10-28T04:00:00Z,45946,29.988468
29.85,30.05,29.305,713,30.05,2016-10-31T04:00:00Z,69351,29.730338
28.3,29.8,28.25,771,29.8,2016-11-01T04:00:00Z,102588,28.858999
28.9,29.25,27.25,699,28.3,2016-11-02T04:00:00Z,86955,28.38624
28.4,29.0,28.05,462,28.65,2016-11-03T04:00:00Z,40482,28.54071
28.4,28.7,28.15,551,28.25,2016-11-04T04:00:00Z,58553,28.433065
28.75,29.3,28.5,443,28.65,2016-11-07T05:00:00Z,42675,28.82815
29.85,33.0,29.4,1425,30.0,2016-11-08T05:00:00Z,186350,30.589631
29.85,30.15,29.2,581,29.2,2016-11-09T05:00:00Z,54105,29.722333
29.85,30.2,29.4,766,30.1,2016-11-10T05:00:00Z,68409,29.774531
30.95,31.1,29.5675,444,29.8,2016-11-11T05:00:00Z,42804,30.60566
31.2,31.55,30.75,430,31.4,2016-11-14T05:00:00Z,45448,31.099526
31.25,31.95,31.1,391,31.5,2016-11-15T05:00:00Z,42070,31.535029
32.0,32.3,30.95,501,31.45,2016-11-16T05:00:00Z,47265,32.000788
32.05,32.4,32.0,489,32.1,2016-11-17T05:00:00Z,44523,32.135131
32.2,32.35,32.0,514,32.05,2016-11-18T05:00:00Z,45994,32.218033
32.15,32.35,32.15,578,32.25,2016-11-21T05:00:00Z,83644,32.242756
33.15,33.85,32.2,613,32.25,2016-11-22T05:00:00Z,95087,32.762616
33.7,33.7,32.75,247,33.25,2016-11-23T05:00:00Z,22582,33.273522
34.35,34.845,33.95,202,34.0,2016-11-25T05:00:00Z,23366,34.341492
33.6,34.8,33.55,440,34.8,2016-11-28T05:00:00Z,53963,34.245548
34.15,34.4869,33.6,425,33.6,2016-11-29T05:00:00Z,42875,34.077756
34.65,35.0,33.85,412,34.4,2016-11-30T05:00:00Z,37822,34.611888
33.35,34.9,32.95,414,34.6,2016-12-01T05:00:00Z,46787,33.547076
32.65,33.65,32.55,274,33.25,2016-12-02T05:00:00Z,22822,33.027225
33.7,33.9,32.6927,458,33.05,2016-12-05T05:00:00Z,54798,33.565494
33.8,34.0,33.4,158,33.75,2016-12-06T05:00:00Z,15683,33.73873
34.15,34.1523,33.8308,112,34.0,2016-12-07T05:00:00Z,13370,34.000613
35.0,35.25,33.95,324,34.1,2016-12-08T05:00:00Z,43277,34.648197
35.15,35.4,34.55,390,35.25,2016-12-09T05:00:00Z,29427,35.055806
35.55,35.75,35.25,457,35.6,2016-12-12T05:00:00Z,49116,35.514822
35.45,35.95,35.3,418,35.55,2016-12-13T05:00:00Z,41488,35.54046
35.35,35.55,35.0,342,35.4,2016-12-14T05:00:00Z,33376,35.26493
35.0,35.7,34.6,381,35.5,2016-12-15T05:00:00Z,33523,35.094127
34.9,35.1,34.75,420,35.1,2016-12-16T05:00:00Z,39033,34.837604
36.0,36.0,34.605,351,34.8,2016-12-19T05:00:00Z,40504,35.605047
36.1,36.4,35.7,221,36.2,2016-12-20T05:00:00Z,20775,36.033233
36.6,37.0,36.15,556,36.15,2016-12-21T05:00:00Z,47262,36.688877
36.3,36.9,36.1778,638,36.6,2016-12-22T05:00:00Z,63295,36.47991
35.65,36.661,35.5,505,36.45,2016-12-23T05:00:00Z,54890,36.056466
35.75,36.75,35.625,514,36.1,2016-12-27T05:00:00Z,55378,36.153428
35.2,36.05,35.1,374,35.8,2016-12-28T05:00:00Z,53158,35.329008
35.25,35.7,34.45,465,35.2,2016-12-29T05:00:00Z,104907,35.144438
35.25,35.7,35.0,529,35.3,2016-12-30T05:00:00Z,99897,35.258554
36.45,36.7,35.3,797,35.7,2017-01-03T05:00:00Z,80259,35.826964
37.45,37.7,36.7,633,36.95,2017-01-04T05:00:00Z,72299,37.292858
37.7,37.95,37.4001,335,37.55,2017-01-05T05:00:00Z,40747,37.70636
37.0,38.15,36.85,1109,38.15,2017-01-06T05:00:00Z,158781,37.564043
37.95,38.0,37.1,900,37.3,2017-01-09T05:00:00Z,95679,37.418305
37.95,38.075,37.5,1288,38.0,2017-01-10T05:00:00Z,157066,37.88783
37.4,38.05,37.15,546,37.65,2017-01-11T05:00:00Z,72761,37.480784
37.35,37.5,36.95,585,37.45,2017-01-12T05:00:00Z,55406,37.23254
38.0,38.15,37.45,389,37.5,2017-01-13T05:00:00Z,38399,37.827355
38.1,38.45,37.7,608,38.3,2017-01-17T05:00:00Z,70735,38.034209
37.25,38.25,37.05,485,38.25,2017-01-18T05:00:00Z,96953,37.872238
36.35,37.35,36.0,539,37.25,2017-01-19T05:00:00Z,49431,36.597553
43.15,43.45,37.0,2785,37.0,2017-01-20T05:00:00Z,256265,41.617002
47.9,48.85,42.95,3113,43.0,2017-01-23T05:00:00Z,340485,46.758517
48.95,48.95,47.25,1877,48.05,2017-01-24T05:00:00Z,232179,47.994392
49.0,50.3,48.4,1263,49.35,2017-01-25T05:00:00Z,126532,49.45393
49.85,49.925,49.0,810,49.0,2017-01-26T05:00:00Z,77239,49.701319
51.45,52.75,49.9,1350,49.9,2017-01-27T05:00:00Z,132918,51.541257
50.1,51.45,49.15,794,51.25,2017-01-30T05:00:00Z,74101,50.103341
51.15,51.45,49.155,627,49.8,2017-01-31T05:00:00Z,57632,50.805695
51.55,51.95,50.55,753,50.85,2017-02-01T05:00:00Z,86497,51.44617
49.45,51.8,48.2,1127,50.15,2017-02-02T05:00:00Z,107175,49.476985
48.2,49.8,47.5,1078,49.45,2017-02-03T05:00:00Z,106037,48.261747
48.6,48.7,47.6,864,47.95,2017-02-06T05:00:00Z,99408,48.091892
48.4,50.425,47.85,1180,48.8,2017-02-07T05:00:00Z,131172,48.984556
45.9,46.9,42.95,2763,43.6134,2017-02-08T05:00:00Z,296337,44.718555
47.5,48.05,45.75,888,45.8,2017-02-09T05:00:00Z,88005,47.102258
46.55,48.15,46.4,1052,47.8,2017-02-10T05:00:00Z,97831,47.067085
45.75,46.9625,44.8,1199,46.55,2017-02-13T05:00:00Z,117150,45.80576
45.65,45.8,44.75,1144,45.65,2017-02-14T05:00:00Z,121345,45.224148
45.5,45.85,44.85,671,45.55,2017-02-15T05:00:00Z,68302,45.433502
45.25,45.7,44.8,524,45.45,2017-02-16T05:00:00Z,51595,45.227103
44.85,45.35,44.45,844,45.3,2017-02-17T05:00:00Z,110087,45.000261
44.35,45.05,44.15,793,44.95,2017-02-21T05:00:00Z,72873,44.467231
47.25,47.25,44.25,953,44.25,2017-02-22T05:00:00Z,102576,46.259951
45.75,47.5,45.15,912,47.5,2017-02-23T05:00:00Z,81788,45.978906
45.8,46.4,45.5,472,45.65,2017-02-24T05:00:00Z,39921,45.949774
45.9,46.1,45.6,511,45.85,2017-02-27T05:00:00Z,43042,45.806709
45.55,46.0,45.2,432,45.9,2017-02-28T05:00:00Z,40696,45.568148
47.55,48.95,45.9,936,45.9,2017-03-01T05:00:00Z,95258,47.753083
47.55,48.0,47.3,593,47.55,2017-03-02T05:00:00Z,53345,47.531012
48.0,48.55,47.5,582,47.5,2017-03-03T05:00:00Z,52728,48.03536
47.55,48.55,47.45,779,47.95,2017-03-06T05:00:00Z,72099,47.82269
47.2,48.15,47.1,546,47.5,2017-03-07T05:00:00Z,48875,47.54145
46.8,48.0,46.3,1083,47.2,2017-03-08T05:00:00Z,104952,47.036481
46.35,46.95,46.3,486,46.8,2017-03-09T05:00:00Z,54896,46.543778
47.0,47.5,46.4,486,46.55,2017-03-10T05:00:00Z,74720,46.925893
47.6,48.6,46.25,747,47.0,2017-03-13T04:00:00Z,101107,47.569334
47.35,47.7,47.0,745,47.55,2017-03-14T04:00:00Z,66877,47.322371
48.1,48.45,47.15,597,47.2,2017-03-15T04:00:00Z,61020,47.913277
49.55,50.15,48.4,615,48.4,2017-03-16T04:00:00Z,65198,49.423605
49.6,50.6,49.25,712,49.5,2017-03-17T04:00:00Z,83073,49.727072
49.45,49.75,49.25,449,49.6,2017-03-20T04:00:00Z,43461,49.463083
48.05,49.65,47.8,1064,49.55,2017-03-21T04:00:00Z,113815,48.467669
47.8,48.0704,47.3,781,48.0,2017-03-22T04:00:00Z,85594,47.670913
50.1,50.75,47.58,967,47.75,2017-03-23T04:00:00Z,103555,49.630652
49.05,50.727,48.6,1195,50.35,2017-03-24T04:00:00Z,109443,49.266306
50.1,50.1,48.45,1027,49.0,2017-03-27T04:00:00Z,84652,49.497992
49.55,50.15,49.15,700,50.1,2017-03-28T04:00:00Z,63621,49.705004
49.7,50.35,49.35,451,49.8,2017-03-29T04:00:00Z,63830,49.814083
49.65,50.05,49.45,474,49.65,2017-03-30T04:00:00Z,50910,49.673088
51.05,51.6,49.35,802,49.65,2017-03-31T04:00:00Z,94648,50.804199
50.75,52.35,50.55,573,51.3,2017-04-03T04:00:00Z,55446,51.32649
50.7,51.15,50.5,414,50.8,2017-04-04T04:00:00Z,35320,50.76068
51.45,51.7,50.55,626,50.8,2017-04-05T04:00:00Z,57991,51.306416
52.4,53.05,51.65,1185,52.1,2017-04-06T04:00:00Z,141151,52.386369
54.1,54.2,52.65,866,52.65,2017-04-07T04:00:00Z,85362,53.732673
55.5,55.59,54.35,966,54.65,2017-04-10T04:00:00Z,97541,55.195628
57.65,57.65,55.35,1370,55.5,2017-04-11T04:00:00Z,143532,56.825578
57.45,58.9,57.05,1349,57.95,2017-04-12T04:00:00Z,137007,57.801207
57.85,58.35,57.25,571,57.25,2017-04-13T04:00:00Z,52115,57.888499
57.2,58.3,57.15,674,57.95,2017-04-17T04:00:00Z,59848,57.474371
57.5,57.65,57.15,734,57.25,2017-04-18T04:00:00Z,74021,57.348307
57.35,57.7,57.15,561,57.7,2017-04-19T04:00:00Z,48230,57.339282
58.15,58.4,57.2,603,57.5,2017-04-20T04:00:00Z,59246,57.697338
57.95,59.4,57.3851,921,58.25,2017-04-21T04:00:00Z,84019,58.479635
58.35,59.9,57.9105,1094,58.35,2017-04-24T04:00:00Z,71997,58.779507
59.0,59.7,58.2682,580,58.45,2017-04-25T04:00:00Z,46412,59.000244
59.55,60.25,58.0,790,58.5,2017-04-26T04:00:00Z,84140,59.110805
59.3,60.5,59.05,529,59.55,2017-04-27T04:00:00Z,52047,59.509622
58.65,59.45,58.1,600,59.35,2017-04-28T04:00:00Z,50845,58.666206
59.75,59.75,58.55,576,58.75,2017-05-01T04:00:00Z,47945,58.994737
60.7,60.9,59.8,569,59.95,2017-05-02T04:00:00Z,63644,60.357788
61.3,61.55,59.6083,632,60.8,2017-05-03T04:00:00Z,57745,60.692082
60.3,61.4,58.875,1226,61.4,2017-05-04T04:00:00Z,97179,60.073822
62.1,62.4,60.25,811,60.4,2017-05-05T04:00:00Z,77623,61.503664
60.5,63.2,60.3,1134,62.75,2017-05-08T04:00:00Z,94420,61.50786
60.75,61.32,59.7,985,60.75,2017-05-09T04:00:00Z,125328,60.295135
57.05,59.35,53.0,3926,59.35,2017-05-10T04:00:00Z,435978,56.3738
58.5,58.65,56.5,1088,56.75,2017-05-11T04:00:00Z,80934,58.044161
58.9,59.35,58.05,1191,58.6,2017-05-12T04:00:00Z,121844,58.763988
57.5,59.15,57.3,1236,58.9,2017-05-15T04:00:00Z,115474,58.0545
57.0,58.1,56.75,1036,57.4,2017-05-16T04:00:00Z,105600,57.032374
56.75,57.4,56.4,1520,56.6,2017-05-17T04:00:00Z,107931,56.919263
57.6,57.8,56.325,1095,56.5,2017-05-18T04:00:00Z,98344,57.242724
58.0,58.7,57.7,535,57.75,2017-05-19T04:00:00Z,43661,58.205658
58.95,59.35,58.1,680,58.1,2017-05-22T04:00:00Z,63188,58.814604
58.6,59.25,58.14,716,58.95,2017-05-23T04:00:00Z,79074,58.649463
58.85,59.15,58.1,508,58.65,2017-05-24T04:00:00Z,45214,58.634437
59.2,59.5,58.2975,996,58.95,2017-05-25T04:00:00Z,48574,58.892379
58.5,59.35,58.1,1037,59.2,2017-05-26T04:00:00Z,42766,58.566336
57.5,58.95,57.4,1321,58.8,2017-05-30T04:00:00Z,105096,57.834679
57.6,57.8,56.3,1040,57.6,2017-05-31T04:00:00Z,223762,57.446073
58.0,58.0,56.6,671,57.55,2017-06-01T04:00:00Z,65660,57.357805
58.55,59.0,57.675,597,58.0,2017-06-02T04:00:00Z,57586,58.266319
58.25,58.7,57.65,654,58.55,2017-06-05T04:00:00Z,48627,58.357206
59.25,59.8,57.35,666,58.1,2017-06-06T04:00:00Z,50477,59.191099
59.4,59.7,58.4,429,59.35,2017-06-07T04:00:00Z,30042,59.222924
60.0,60.0,59.1,658,59.45,2017-06-08T04:00:00Z,52978,59.715616
58.8,62.6822,58.45,1394,60.25,2017-06-09T04:00:00Z,131467,60.696261
58.2,59.875,56.555,1436,58.75,2017-06-12T04:00:00Z,105818,58.143995
57.95,58.575,57.15,1317,58.3,2017-06-13T04:00:00Z,90834,57.566617
57.25,57.9,57.15,825,57.9,2017-06-14T04:00:00Z,63640,57.328882
57.1,57.45,56.7,1320,57.15,2017-06-15T04:00:00Z,117996,57.038702
57.15,57.325,56.7,926,57.05,2017-06-16T04:00:00Z,102954,57.067498
58.25,58.85,56.95,1738,57.4,2017-06-19T04:00:00Z,139984,57.56674
58.25,59.85,57.7,1065,58.2,2017-06-20T04:00:00Z,98199,58.672844
58.85,59.35,57.75,1186,58.2,2017-06-21T04:00:00Z,90483,58.726505
58.45,60.475,58.45,1446,59.0,2017-06-22T04:00:00Z,137916,59.375763
58.15,58.65,56.5,2668,58.45,2017-06-23T04:00:00Z,1757698,58.017074
56.6,57.8,56.5,2086,57.35,2017-06-26T04:00:00Z,170165,56.873843
56.85,57.45,56.5,1343,56.5,2017-06-27T04:00:00Z,139628,56.917467
57.0,57.0,56.2,2268,57.0,2017-06-28T04:00:00Z,226596,56.723249
53.9,56.85,53.0,2213,56.5,2017-06-29T04:00:00Z,214546,54.371719
53.5,53.95,52.35,1691,53.8,2017-06-30T04:00:00Z,155819,53.248143
53.3,53.5,52.725,854,53.5,2017-07-03T04:00:00Z,89078,53.256687
55.2,55.95,52.0,2560,52.65,2017-07-05T04:00:00Z,511822,54.177383
54.35,56.15,54.0,1834,54.95,2017-07-06T04:00:00Z,254392,54.647136
55.5,55.6,53.3,969,54.45,2017-07-07T04:00:00Z,63939,55.162288
56.5,57.05,55.15,1008,55.15,2017-07-10T04:00:00Z,84480,56.391595
57.85,58.0,56.35,1901,56.5,2017-07-11T04:00:00Z,146773,57.283617
59.15,59.6,57.825,1382,58.2,2017-07-12T04:00:00Z,119123,58.914346
59.35,59.45,58.35,1509,59.45,2017-07-13T04:00:00Z,147351,59.079772
58.45,59.45,58.25,829,59.45,2017-07-14T04:00:00Z,73810,58.571594
57.1,58.65,57.0,2223,58.65,2017-07-17T04:00:00Z,90906,57.326906
57.15,57.8,56.85,957,56.9,2017-07-18T04:00:00Z,72305,57.185793
56.85,57.75,56.7,924,57.1,2017-07-19T04:00:00Z,74162,57.115578
55.7,56.9,55.5,1133,56.9,2017-07-20T04:00:00Z,93019,56.009794
55.65,56.1,54.75,1733,56.0,2017-07-21T04:00:00Z,157415,55.503859
54.25,55.95,54.05,2294,55.6,2017-07-24T04:00:00Z,201108,54.709968
54.6,55.55,54.15,1174,54.25,2017-07-25T04:00:00Z,98203,54.887384
54.65,55.4,54.4,954,54.6,2017-07-26T04:00:00Z,72130,54.755669
54.1,55.15,53.05,1558,54.95,2017-07-27T04:00:00Z,108805,54.131335
54.4,54.75,53.65,843,53.95,2017-07-28T04:00:00Z,82584,54.330831
54.65,55.0,54.2,776,54.5,2017-07-31T04:00:00Z,65680,54.575642
54.5,54.85,54.15,1810,54.7,2017-08-01T04:00:00Z,87959,54.49654
53.5,54.55,52.2,1237,54.55,2017-08-02T04:00:00Z,89243,53.204401
53.4,54.45,53.2,858,53.35,2017-08-03T04:00:00Z,72407,53.725746
52.65,54.1,52.65,948,53.6,2017-08-04T04:00:00Z,77129,53.192404
52.65,53.275,52.45,959,52.65,2017-08-07T04:00:00Z,87155,52.82448
52.75,53.2,52.45,1067,52.6,2017-08-08T04:00:00Z,91567,52.778857
59.2,59.25,54.05,2875,57.0,2017-08-09T04:00:00Z,330123,57.844924
54.95,59.275,54.9,1590,59.0,2017-08-10T04:00:00Z,143003,56.431434
53.6,56.286,53.5,1518,54.9,2017-08-11T04:00:00Z,138964,54.227485
55.55,56.55,54.0,2075,54.0,2017-08-14T04:00:00Z,91825,55.468123
53.45,55.55,53.0,1189,55.55,2017-08-15T04:00:00Z,93207,53.60216
52.7,53.8,52.6,1054,53.7,2017-08-16T04:00:00Z,87950,53.00012
52.5,53.4,52.4,1025,52.6,2017-08-17T04:00:00Z,89723,52.682959
52.45,52.9,52.45,880,52.45,2017-08-18T04:00:00Z,97098,52.580208
52.7,52.85,52.35,852,52.35,2017-08-21T04:00:00Z,83627,52.555381
53.1,53.35,52.5,655,53.0,2017-08-22T04:00:00Z,65192,52.870075
52.75,53.3,52.35,651,53.0,2017-08-23T04:00:00Z,55856,52.898745
52.85,53.55,52.6,784,52.95,2017-08-24T04:00:00Z,75379,52.96792
52.55,53.5,52.0,1074,52.95,2017-08-25T04:00:00Z,88089,52.448897
52.9,52.95,52.05,1443,52.55,2017-08-28T04:00:00Z,87572,52.531479
54.15,54.7,52.75,1009,52.75,2017-08-29T04:00:00Z,68356,53.862152
53.7,54.85,53.375,622,54.45,2017-08-30T04:00:00Z,43874,53.994838
52.85,54.4154,52.6,1637,53.9,2017-08-31T04:00:00Z,69853,53.330031
53.2,53.3,52.65,713,52.85,2017-09-01T04:00:00Z,62279,53.019303
53.55,54.2,53.05,1017,53.2,2017-09-05T04:00:00Z,90351,53.451343
52.5,53.85,52.35,900,53.7,2017-09-06T04:00:00Z,66684,52.63159
51.15,52.825,50.85,1544,52.75,2017-09-07T04:00:00Z,106226,51.484308
50.95,52.15,50.65,1401,51.25,2017-09-08T04:00:00Z,110218,51.157877
50.0,51.55,49.7,1255,51.05,2017-09-11T04:00:00Z,105608,50.28231
50.15,50.9,49.85,1548,50.0,2017-09-12T04:00:00Z,117852,50.189545
50.6,51.0,50.15,1171,50.4,2017-09-13T04:00:00Z,64632,50.561826
50.65,51.0,50.4,640,50.85,2017-09-14T04:00:00Z,57291,50.603738
51.15,51.5,50.55,694,50.7,2017-09-15T04:00:00Z,95047,50.974174
52.65,52.9,51.05,829,51.05,2017-09-18T04:00:00Z,74490,52.271702
53.55,53.75,52.75,842,53.0,2017-09-19T04:00:00Z,62531,53.272111
53.5,53.8,53.3,681,53.5,2017-09-20T04:00:00Z,65765,53.559093
53.45,54.1,53.05,1137,53.5,2017-09-21T04:00:00Z,84360,53.607414
54.75,54.8,53.5,834,53.5,2017-09-22T04:00:00Z,63149,54.298098
55.5,55.6,54.5,1271,54.85,2017-09-25T04:00:00Z,74388,55.129629
56.7,57.1,55.65,908,55.65,2017-09-26T04:00:00Z,62339,56.623042
58.35,59.2,56.3263,1594,56.65,2017-09-27T04:00:00Z,119725,58.126338
59.65,59.8,57.21,1117,58.5,2017-09-28T04:00:00Z,83791,58.640125
58.55,60.0,58.3,1792,59.5,2017-09-29T04:00:00Z,138420,59.004611
58.85,59.05,57.85,1663,58.95,2017-10-02T04:00:00Z,81468,58.479874
59.25,59.95,57.66,983,58.4,2017-10-03T04:00:00Z,96004,59.400833
58.45,59.65,57.9,665,59.0,2017-10-04T04:00:00Z,43422,58.543994
58.1,58.75,57.85,443,58.75,2017-10-05T04:00:00Z,34112,58.102731
58.05,58.35,57.45,633,57.75,2017-10-06T04:00:00Z,44337,57.884009
57.45,58.6,57.325,555,57.9,2017-10-09T04:00:00Z,31566,57.78455
57.25,58.25,56.9,959,58.0,2017-10-10T04:00:00Z,60032,57.352265
56.8,57.4,56.675,544,57.1,2017-10-11T04:00:00Z,28962,56.899119
56.85,57.6766,56.055,524,56.5,2017-10-12T04:00:00Z,41177,56.771234
56.6,57.7084,56.5,453,57.25,2017-10-13T04:00:00Z,42098,56.875501
56.35,57.4499,55.9,666,57.0,2017-10-16T04:00:00Z,57607,56.391431
57.3,57.305,55.45,591,56.0,2017-10-17T04:00:00Z,61314,56.942503
57.7,58.05,57.0,506,57.3,2017-10-18T04:00:00Z,55233,57.541676
57.45,57.95,56.0,600,57.3,2017-10-19T04:00:00Z,52833,57.203967
57.25,57.9,57.1,508,57.85,2017-10-20T04:00:00Z,46744,57.46702
57.3,57.85,56.95,513,57.15,2017-10-23T04:00:00Z,40121,57.306241
57.9,57.95,57.2,445,57.65,2017-10-24T04:00:00Z,31745,57.695459
57.0,58.75,56.95,873,57.7,2017-10-25T04:00:00Z,57013,57.760738
57.0,58.25,56.15,806,57.35,2017-10-26T04:00:00Z,55034,57.05532
57.4,57.6,56.85,607,57.5,2017-10-27T04:00:00Z,52411,57.21779
57.35,57.55,56.9,559,57.25,2017-10-30T04:00:00Z,48592,57.235871
58.45,58.95,57.7,980,57.7,2017-10-31T04:00:00Z,73339,58.569106
57.85,58.7,57.5,924,58.7,2017-11-01T04:00:00Z,49346,57.888459
58.45,58.75,57.4,476,57.85,2017-11-02T04:00:00Z,35500,58.361984
58.2,59.25,57.95,1080,58.6,2017-11-03T04:00:00Z,98993,58.335217
60.0,60.65,58.4818,1311,58.5,2017-11-06T05:00:00Z,132913,59.713164
59.5,60.3,58.5,1067,60.3,2017-11-07T05:00:00Z,96746,59.183915
59.85,60.15,59.0,1167,59.15,2017-11-08T05:00:00Z,89149,59.579923
60.2,60.2,59.15,1526,59.65,2017-11-09T05:00:00Z,93194,59.844786
57.6,60.0,54.5,2471,58.0,2017-11-10T05:00:00Z,234247,57.323849
58.9,59.425,57.05,1146,57.55,2017-11-13T05:00:00Z,85959,58.695344
59.2,59.45,57.85,593,58.95,2017-11-14T05:00:00Z,51840,58.891185
59.05,59.75,58.4,1130,58.95,2017-11-15T05:00:00Z,55736,59.118395
60.2,60.85,58.85,682,59.2,2017-11-16T05:00:00Z,59438,60.246148
60.8,61.6,60.05,1428,60.1,2017-11-17T05:00:00Z,101087,60.864059
62.65,62.7,60.35,1073,60.95,2017-11-20T05:00:00Z,86566,61.997218
61.05,62.75,60.35,1123,62.75,2017-11-21T05:00:00Z,103695,61.180375
60.55,61.15,60.25,632,61.1,2017-11-22T05:00:00Z,50458,60.752105
60.95,61.2,60.45,307,60.45,2017-11-24T05:00:00Z,23642,60.829208
60.5,61.65,59.55,581,60.9,2017-11-27T05:00:00Z,39674,60.454555
62.9,63.2,60.5,1090,60.5,2017-11-28T05:00:00Z,85461,62.430855
62.15,63.55,60.1,1237,62.95,2017-11-29T05:00:00Z,75122,61.853653
63.4,63.55,61.9,1079,62.6,2017-11-30T05:00:00Z,63155,63.193931
63.75,64.5,61.75,1561,63.8,2017-12-01T05:00:00Z,92736,63.201521
63.0,64.65,62.725,1398,63.8,2017-12-04T05:00:00Z,149930,63.779825
63.0,64.55,62.2,972,62.85,2017-12-05T05:00:00Z,81260,63.104051
62.65,63.4,61.8,790,63.0,2017-12-06T05:00:00Z,55867,62.523387
61.8,62.95,61.35,539,62.3,2017-12-07T05:00:00Z,51966,62.047912
61.1,62.9,61.0,939,62.3,2017-12-08T05:00:00Z,51182,61.68346
61.85,62.25,61.15,705,61.4,2017-12-11T05:00:00Z,51174,61.83968
61.9,62.85,61.7,665,62.1,2017-12-12T05:00:00Z,58552,62.061931
62.2,63.35,61.6,579,62.05,2017-12-13T05:00:00Z,52954,62.42631
62.05,63.4,61.85,630,62.35,2017-12-14T05:00:00Z,51124,62.431343
64.1,64.575,62.0,1164,62.05,2017-12-15T05:00:00Z,144052,63.492427
65.45,65.85,64.25,728,64.65,2017-12-18T05:00:00Z,65551,65.031004
65.4,65.8,64.6,815,65.35,2017-12-19T05:00:00Z,63322,65.38134
67.05,67.55,65.5,991,65.8,2017-12-20T05:00:00Z,81954,66.727328
66.05,68.75,65.75,1347,67.35,2017-12-21T05:00:00Z,126470,67.184676
68.6,68.775,65.6,1679,66.0,2017-12-22T05:00:00Z,156721,67.705506
68.75,70.1,68.5869,935,68.95,2017-12-26T05:00:00Z,79682,69.23867
69.3,69.8,68.5,643,68.5,2017-12-27T05:00:00Z,53404,69.286094
68.9,70.0,68.6,707,69.65,2017-12-28T05:00:00Z,51483,69.37761
70.05,71.75,68.25,1463,68.95,2017-12-29T05:00:00Z,123219,70.64923
63.1,70.05,62.6,3365,70.0,2018-01-02T05:00:00Z,355579,64.423847
64.5,65.85,62.85,1904,62.85,2018-01-03T05:00:00Z,142759,64.42795
61.25,64.75,59.65,2707,64.75,2018-01-04T05:00:00Z,192241,61.467705
61.65,62.25,61.4,1053,61.5,2018-01-05T05:00:00Z,89761,61.849631
58.65,61.8,55.75,7154,61.15,2018-01-08T05:00:00Z,779141,59.07763
54.9,58.25,53.55,3748,57.7,2018-01-09T05:00:00Z,416912,55.552424
54.35,54.85,53.4,2371,53.65,2018-01-10T05:00:00Z,265123,54.250941
52.8,54.6,49.8,2703,54.15,2018-01-11T05:00:00Z,340353,52.485588
55.1,56.25,52.405,2368,52.7,2018-01-12T05:00:00Z,232364,55.203441
53.1,55.55,51.9,1674,55.35,2018-01-16T05:00:00Z,152112,53.282335
53.7,54.1,52.45,1651,53.3,2018-01-17T05:00:00Z,136397,53.519032
53.5,53.9,52.85,923,53.45,2018-01-18T05:00:00Z,84736,53.409813
54.7,54.8,53.05,931,53.2,2018-01-19T05:00:00Z,93584,54.182575
53.85,54.6254,53.35,833,54.4,2018-01-22T05:00:00Z,72390,53.877344
54.15,55.475,53.3,1313,53.5,2018-01-23T05:00:00Z,87013,54.426159
55.35,55.5,54.05,996,54.35,2018-01-24T05:00:00Z,94864,54.918885
54.8,56.627,54.3,1009,55.8,2018-01-25T05:00:00Z,90572,55.084762
55.0,55.15,54.1,536,55.0,2018-01-26T05:00:00Z,55713,54.773214
54.1,54.95,53.85,533,54.8,2018-01-29T05:00:00Z,53903,54.204383
53.65,54.15,53.1,813,53.1,2018-01-30T05:00:00Z,74305,53.694853
54.2,54.5,53.45,807,53.65,2018-01-31T05:00:00Z,69615,53.987284
54.75,54.9,53.7,963,54.0,2018-02-01T05:00:00Z,74531,54.480441
53.8,54.95,53.4,1245,54.25,2018-02-02T05:00:00Z,98494,53.873285
52.45,54.95,52.2,1085,53.45,2018-02-05T05:00:00Z,103068,53.435167
52.5,54.0,50.25,1206,50.45,2018-02-06T05:00:00Z,159965,52.333763
54.8,55.25,51.65,1660,52.2,2018-02-07T05:00:00Z,175403,54.00682
53.85,55.1,53.255,1290,55.1,2018-02-08T05:00:00Z,111682,54.360454
53.0,55.25,51.45,1522,54.0,2018-02-09T05:00:00Z,162109,53.054067
53.85,54.95,51.5,1053,53.75,2018-02-12T05:00:00Z,97203,53.187233
57.25,57.55,52.4,1831,53.85,2018-02-13T05:00:00Z,192138,56.014108
57.55,58.0,50.35,3389,55.3,2018-02-14T05:00:00Z,369293,54.067071
60.125,61.2,57.65,1641,57.95,2018-02-15T05:00:00Z,177041,59.936217
56.15,59.8,55.7,1449,59.15,2018-02-16T05:00:00Z,156612,57.094703
54.95,57.4,54.75,1106,55.6,2018-02-20T05:00:00Z,105445,55.992637
54.8,56.2,54.7,1138,55.4,2018-02-21T05:00:00Z,80456,55.307452
54.8,55.55,54.7,657,54.8,2018-02-22T05:00:00Z,54207,55.011739
56.65,56.95,54.75,1097,55.2,2018-02-23T05:00:00Z,98834,56.394968
56.95,57.7,55.75,639,57.1,2018-02-26T05:00:00Z,56697,56.545898
56.8,57.45,56.4,876,57.25,2018-02-27T05:00:00Z,108950,56.786013
57.8,58.0,56.9,1496,57.1,2018-02-28T05:00:00Z,151371,57.801831
57.95,58.3,56.7,1609,57.85,2018-03-01T05:00:00Z,140982,57.804872
56.2,57.9,56.1,1130,57.9,2018-03-02T05:00:00Z,88196,56.765495
55.85,56.15,54.905,866,56.15,2018-03-05T05:00:00Z,81019,55.720801
56.2,56.45,55.55,896,55.9,2018-03-06T05:00:00Z,83223,55.98965
57.25,57.55,55.8,717,55.9,2018-03-07T05:00:00Z,112705,56.396514
57.6,58.3,57.35,571,57.35,2018-03-08T05:00:00Z,45806,57.853366
59.05,59.2,57.65,918,57.75,2018-03-09T05:00:00Z,55100,58.714043
59.6,59.85,58.7,643,59.2,2018-03-12T04:00:00Z,43730,59.426646
59.45,59.9,59.0,576,59.6,2018-03-13T04:00:00Z,49023,59.452575
59.2,59.8,58.9,788,59.6,2018-03-14T04:00:00Z,86274,59.128071
57.5,59.35,57.4,705,59.3,2018-03-15T04:00:00Z,65722,57.984374
56.75,58.8,56.55,1720,57.75,2018-03-16T04:00:00Z,169588,57.35992
57.35,57.35,55.7,1156,56.65,2018-03-19T04:00:00Z,78312,56.542019
57.3,58.1,56.35,677,57.3,2018-03-20T04:00:00Z,42843,57.22581
57.15,58.25,56.65,901,57.2,2018-03-21T04:00:00Z,67620,57.193291
56.45,56.95,56.35,774,56.55,2018-03-22T04:00:00Z,60992,56.564658
56.4,56.95,56.2,501,56.65,2018-03-23T04:00:00Z,48501,56.423315
56.6,57.6,55.7,832,57.2,2018-03-26T04:00:00Z,69580,56.477238
56.15,57.75,55.95,633,56.75,2018-03-27T04:00:00Z,56857,56.593064
56.05,56.35,55.45,791,56.05,2018-03-28T04:00:00Z,63891,55.985481
56.0,56.75,55.7,435,56.15,2018-03-29T04:00:00Z,39337,56.032819
55.8,56.1,55.1,695,55.85,2018-04-02T04:00:00Z,54543,55.674185
56.5,56.85,55.8,936,56.1,2018-04-03T04:00:00Z,48727,56.264092
56.5,56.9,55.55,682,56.35,2018-04-04T04:00:00Z,88328,56.082593
57.4,57.6,56.4,497,56.6,2018-04-05T04:00:00Z,36748,57.074849
57.15,58.05,57.0,677,57.1,2018-04-06T04:00:00Z,60206,57.408097
58.15,58.65,56.35,1096,58.05,2018-04-09T04:00:00Z,121649,57.481261
57.9,58.9,57.25,541,58.45,2018-04-10T04:00:00Z,35936,57.971835
57.6,58.25,57.55,380,57.65,2018-04-11T04:00:00Z,24972,57.871206
58.2,58.4,57.35,402,57.8,2018-04-12T04:00:00Z,33332,57.916547
58.05,58.3,57.25,419,58.25,2018-04-13T04:00:00Z,40983,58.051836
58.65,58.9,58.15,425,58.5,2018-04-16T04:00:00Z,37156,58.580637
59.6,59.65,58.65,901,58.9,2018-04-17T04:00:00Z,95929,59.278002
61.45,61.75,59.25,956,59.75,2018-04-18T04:00:00Z,98716,60.643833
59.7,61.95,59.45,545,61.3,2018-04-19T04:00:00Z,56503,60.283431
59.2,60.95,58.6,683,60.0,2018-04-20T04:00:00Z,67947,59.318915
59.5,60.05,58.5,657,59.3,2018-04-23T04:00:00Z,51840,59.273645
60.0,60.1,58.7,936,59.7,2018-04-24T04:00:00Z,77116,59.639697
61.2,62.1,59.45,1019,59.9,2018-04-25T04:00:00Z,76300,60.907085
62.7,62.95,60.75,1702,61.45,2018-04-26T04:00:00Z,107596,62.318442
63.55,63.75,62.55,849,62.8,2018-04-27T04:00:00Z,82891,63.238146
63.25,64.0,63.05,613,63.8,2018-04-30T04:00:00Z,51217,63.299253
62.75,63.2,62.1,612,63.2,2018-05-01T04:00:00Z,40985,62.613921
62.2,62.65,62.2,2,62.65,2018-05-02T04:00:00Z,2834,62.219848
62.95,62.95,62.3,2,62.3,2018-05-03T04:00:00Z,3075,62.750455
64.0,64.35,61.85,987,62.6,2018-05-04T04:00:00Z,90215,63.449621
64.55,65.45,64.1,698,64.5,2018-05-07T04:00:00Z,72391,64.627228
65.0,65.5,64.25,755,64.5,2018-05-08T04:00:00Z,66889,64.941475
64.85,65.95,64.45,1082,65.1,2018-05-09T04:00:00Z,90309,64.796907
61.85,64.05,58.1,2155,64.05,2018-05-10T04:00:00Z,226806,60.954762
63.45,63.7,61.2,773,62.05,2018-05-11T04:00:00Z,101072,62.747563
62.55,63.6084,62.45,851,63.45,2018-05-14T04:00:00Z,72231,63.015645
62.6,62.95,62.05,646,62.6,2018-05-15T04:00:00Z,52443,62.526448
62.8,62.9,62.1,583,62.75,2018-05-16T04:00:00Z,48650,62.668253
63.15,63.65,62.7,1185,62.85,2018-05-17T04:00:00Z,113276,62.999483
62.95,63.6,62.6,879,63.15,2018-05-18T04:00:00Z,73266,63.0588
63.1,63.55,62.7,1031,63.3,2018-05-21T04:00:00Z,93848,63.061741
62.65,63.05,62.06,1379,63.05,2018-05-22T04:00:00Z,83093,62.686029
63.05,63.2,62.4,398,62.4,2018-05-23T04:00:00Z,26646,62.901428
62.25,63.0,61.85,792,63.0,2018-05-24T04:00:00Z,90900,62.257575
62.15,62.45,62.0,565,62.15,2018-05-25T04:00:00Z,41205,62.172309
62.45,62.55,61.35,589,61.95,2018-05-29T04:00:00Z,41612,62.049329
62.5,63.2,62.1,670,62.95,2018-05-30T04:00:00Z,60250,62.448702
62.65,63.4,62.2,661,62.55,2018-05-31T04:00:00Z,83265,62.764751
63.45,63.8,62.7,1371,62.75,2018-06-01T04:00:00Z,84660,63.311718
63.45,63.6,62.85,876,63.6,2018-06-04T04:00:00Z,64432,63.360641
64.1,64.25,62.75,1479,63.35,2018-06-05T04:00:00Z,81074,63.658399
65.25,65.725,63.8,1033,64.1,2018-06-06T04:00:00Z,87228,64.890939
65.5,66.0,64.5,1011,65.3,2018-06-07T04:00:00Z,76935,65.250009
65.05,65.4,64.4,530,65.05,2018-06-08T04:00:00Z,44948,65.058202
64.95,65.125,64.4,849,64.8,2018-06-11T04:00:00Z,66065,64.947683
64.9,65.05,64.125,517,65.05,2018-06-12T04:00:00Z,36511,64.77145
64.9,65.15,64.6,648,65.15,2018-06-13T04:00:00Z,69481,64.813736
66.35,66.65,64.65,1425,65.05,2018-06-14T04:00:00Z,150831,65.961978
65.95,66.3,65.65,746,66.05,2018-06-15T04:00:00Z,86374,65.964278
65.65,65.95,64.85,589,65.9,2018-06-18T04:00:00Z,44171,65.366695
65.1,66.2,64.9,929,65.85,2018-06-19T04:00:00Z,76904,65.165287
64.7,65.3,64.55,935,65.2,2018-06-20T04:00:00Z,66002,64.864175
64.85,65.3,64.55,968,65.0,2018-06-21T04:00:00Z,72859,64.908251
64.35,64.8,63.8,1006,64.8,2018-06-22T04:00:00Z,210368,64.29816
64.0,64.15,63.7,938,64.05,2018-06-25T04:00:00Z,81837,63.952919
63.25,63.85,62.5,720,63.85,2018-06-26T04:00:00Z,68235,63.097242
61.85,62.8,61.4,1248,62.8,2018-06-27T04:00:00Z,133087,61.907835
61.0,61.25,59.15,1517,61.15,2018-06-28T04:00:00Z,140420,60.545308
60.65,61.3,60.0,811,61.3,2018-06-29T04:00:00Z,55755,60.687616
60.3,60.525,59.01,939,60.05,2018-07-02T04:00:00Z,61040,60.006492
60.05,60.35,59.3,464,60.3,2018-07-03T04:00:00Z,37044,60.011008
60.2,61.6,59.4,852,60.0,2018-07-05T04:00:00Z,61594,60.197152
60.15,60.5,59.4,719,60.2,2018-07-06T04:00:00Z,42127,60.182681
60.05,60.6,59.7,798,60.6,2018-07-09T04:00:00Z,60761,60.048059
59.7,60.05,59.475,950,59.65,2018-07-10T04:00:00Z,94875,59.70167
59.2,59.6,58.55,869,59.6,2018-07-11T04:00:00Z,74953,59.149718
59.0,59.75,58.5,942,59.4,2018-07-12T04:00:00Z,87279,59.119164
59.4,59.5,58.9,936,58.95,2018-07-13T04:00:00Z,80553,59.17226
59.35,59.9,58.6,664,59.4,2018-07-16T04:00:00Z,58663,59.298291
59.6,60.15,58.95,599,59.35,2018-07-17T04:00:00Z,49834,59.559709
59.75,59.9,59.15,540,59.6,2018-07-18T04:00:00Z,60842,59.583544
59.8,60.0,59.3,644,59.75,2018-07-19T04:00:00Z,55711,59.706375
59.7,60.3,59.4,692,59.75,2018-07-20T04:00:00Z,71498,59.768874
60.9,61.05,59.4,863,59.8,2018-07-23T04:00:00Z,83240,60.109347
61.4,61.55,60.6,785,61.1,2018-07-24T04:00:00Z,59307,61.213567
61.75,62.3,61.05,663,61.3,2018-07-25T04:00:00Z,59927,61.695226
61.9,62.1,61.0,711,61.75,2018-07-26T04:00:00Z,59755,61.814898
60.65,61.9,60.45,745,61.9,2018-07-27T04:00:00Z,93733,60.895388
59.4,60.75,58.5,1132,60.65,2018-07-30T04:00:00Z,150633,59.401913
58.75,59.45,58.4,777,59.35,2018-07-31T04:00:00Z,75358,58.758657
57.55,58.5,56.625,1135,58.5,2018-08-01T04:00:00Z,85291,57.569567
57.95,58.1,56.35,826,57.3,2018-08-02T04:00:00Z,59842,57.640515
57.85,58.15,57.45,683,58.15,2018-08-03T04:00:00Z,43095,57.726665
57.4,57.85,56.45,1016,57.85,2018-08-06T04:00:00Z,93075,57.29439
57.2,57.65,56.8,636,57.4,2018-08-07T04:00:00Z,66989,57.216242
57.0,57.255,56.6,807,56.95,2018-08-08T04:00:00Z,88486,56.911705
54.85,55.8,51.01,1561,53.5,2018-08-09T04:00:00Z,153407,54.539331
56.2,56.4,54.6,663,54.6,2018-08-10T04:00:00Z,49523,55.578514
55.9,56.2,55.6,753,56.2,2018-08-13T04:00:00Z,64695,55.882585
55.65,55.95,55.05,568,55.95,2018-08-14T04:00:00Z,48885,55.461535
55.35,55.6,54.8,799,55.5,2018-08-15T04:00:00Z,71985,55.259786
55.0,55.35,54.55,850,55.35,2018-08-16T04:00:00Z,72970,55.007363
55.05,55.2,54.45,684,54.85,2018-08-17T04:00:00Z,74102,54.930652
55.0,55.3,54.8,971,55.15,2018-08-20T04:00:00Z,105180,54.969594
55.05,55.35,54.9,728,55.05,2018-08-21T04:00:00Z,52080,55.031567
55.0,55.3,54.75,1105,55.05,2018-08-22T04:00:00Z,121877,54.961663
54.95,55.3,54.8,769,55.05,2018-08-23T04:00:00Z,64257,54.931481
54.8,55.0,54.6,620,54.9,2018-08-24T04:00:00Z,52615,54.784287
55.0,55.05,54.7192,694,54.75,2018-08-27T04:00:00Z,58519,54.888884
54.85,55.25,54.7,664,55.0,2018-08-28T04:00:00Z,53940,54.893873
54.75,55.15,54.65,692,54.85,2018-08-29T04:00:00Z,51919,54.771023
55.35,56.2,54.7,1491,54.75,2018-08-30T04:00:00Z,138384,55.234429
58.55,58.6,55.0,1748,55.4,2018-08-31T04:00:00Z,166004,57.50692
57.95,58.55,57.65,1361,58.55,2018-09-04T04:00:00Z,73081,57.931887
57.05,58.3,56.45,870,58.3,2018-09-05T04:00:00Z,57710,56.89965
56.75,56.95,56.25,938,56.95,2018-09-06T04:00:00Z,79595,56.728844
56.2,56.45,55.75,922,56.4,2018-09-07T04:00:00Z,76367,56.243366
56.0,56.5,55.5,927,56.2,2018-09-10T04:00:00Z,137587,55.974581
55.85,56.1,55.6,902,56.0,2018-09-11T04:00:00Z,66967,55.838187
55.8,55.9,55.5,738,55.7,2018-09-12T04:00:00Z,49744,55.720555
55.55,56.0,55.4,635,55.8,2018-09-13T04:00:00Z,60478,55.573488
55.65,55.75,55.45,644,55.55,2018-09-14T04:00:00Z,39210,55.568598
55.55,55.75,55.15,670,55.75,2018-09-17T04:00:00Z,45836,55.520929
55.55,55.95,55.25,554,55.65,2018-09-18T04:00:00Z,40877,55.572457
55.65,55.7,55.3,611,55.7,2018-09-19T04:00:00Z,50914,55.56896
55.8,55.95,55.5,426,55.75,2018-09-20T04:00:00Z,32787,55.711289
55.75,55.9,55.5,925,55.9,2018-09-21T04:00:00Z,111838,55.793563
55.6,55.85,55.3,720,55.6,2018-09-24T04:00:00Z,45366,55.558945
55.6,55.9,55.5,563,55.75,2018-09-25T04:00:00Z,36153,55.666957
55.55,55.65,55.35,718,55.65,2018-09-26T04:00:00Z,43900,55.544092
55.8,55.925,55.31,623,55.65,2018-09-27T04:00:00Z,49834,55.587557
55.75,55.75,55.5,644,55.75,2018-09-28T04:00:00Z,55311,55.67637
55.64,56.24,55.63,652,56.24,2018-10-01T04:00:00Z,51040,55.756294
55.05,55.7,54.72,1149,55.6846,2018-10-02T04:00:00Z,73299,55.046301
55.03,55.49,54.77,861,55.13,2018-10-03T04:00:00Z,65455,55.049147
54.9,55.03,54.61,649,55.03,2018-10-04T04:00:00Z,55167,54.825862
55.02,55.4,54.71,840,54.89,2018-10-05T04:00:00Z,84546,54.942141
55.02,55.37,54.6,625,54.9,2018-10-08T04:00:00Z,43092,54.82415
54.95,55.21,54.55,810,54.88,2018-10-09T04:00:00Z,65763,54.889823
52.97,55.1,52.05,1886,55.1,2018-10-10T04:00:00Z,189247,53.285772
52.94,53.4,51.71,1390,52.6,2018-10-11T04:00:00Z,114569,53.013344
54.0,54.03,52.71,1661,53.01,2018-10-12T04:00:00Z,355058,53.774228
53.69,54.42,52.03,761,54.42,2018-10-15T04:00:00Z,66955,53.327923
54.4,54.55,52.96,948,53.8,2018-10-16T04:00:00Z,71640,54.056572
54.12,54.33,53.0,685,54.33,2018-10-17T04:00:00Z,72959,53.932088
53.7,54.0,53.2,584,54.0,2018-10-18T04:00:00Z,46383,53.635232
53.55,53.94,53.22,518,53.76,2018-10-19T04:00:00Z,43907,53.59906
53.57,53.68,53.02,647,53.6,2018-10-22T04:00:00Z,34930,53.493174
52.91,53.13,52.29,687,53.07,2018-10-23T04:00:00Z,70121,52.778086
52.67,53.01,52.47,832,52.85,2018-10-24T04:00:00Z,66091,52.811337
52.42,53.0,51.91,686,53.0,2018-10-25T04:00:00Z,62069,52.214259
51.87,52.08,51.51,868,51.71,2018-10-26T04:00:00Z,74518,51.845614
51.42,52.4,50.9719,615,52.27,2018-10-29T04:00:00Z,55574,51.664441
50.37,51.01,49.69,1042,50.9,2018-10-30T04:00:00Z,99502,50.229315
50.18,50.63,49.89,822,50.63,2018-10-31T04:00:00Z,65272,50.262487
50.23,51.0,50.0,749,50.3,2018-11-01T04:00:00Z,61075,50.220232
50.24,50.88,50.03,1086,50.39,2018-11-02T04:00:00Z,78900,50.362768
50.19,50.25,49.77,816,50.13,2018-11-05T05:00:00Z,87895,50.026973
50.27,50.4265,49.7,854,49.93,2018-11-06T05:00:00Z,77793,50.047932
51.49,51.68,50.01,943,50.38,2018-11-07T05:00:00Z,87985,51.106331
58.77,59.53,50.55,3035,51.62,2018-11-08T05:00:00Z,313068,56.935447
56.5,58.75,55.52,1718,58.75,2018-11-09T05:00:00Z,201714,56.345565
55.01,56.55,54.47,572,56.55,2018-11-12T05:00:00Z,48754,55.184571
55.07,55.83,54.51,727,55.17,2018-11-13T05:00:00Z,61928,55.066829
55.0,55.29,54.37,583,55.29,2018-11-14T05:00:00Z,43885,54.996621
54.89,55.63,54.07,665,54.75,2018-11-15T05:00:00Z,65417,54.669489
54.52,54.85,51.95,1194,54.67,2018-11-16T05:00:00Z,94576,54.254254
53.63,54.37,52.82,1089,54.37,2018-11-19T05:00:00Z,99242,53.435342
53.3,53.45,51.55,965,52.44,2018-11-20T05:00:00Z,90417,52.86095
53.9,53.95,52.51,908,53.29,2018-11-21T05:00:00Z,79726,53.562239
54.0,54.37,53.3,421,53.3,2018-11-23T05:00:00Z,29700,53.982584
54.42,55.0,53.0,700,54.04,2018-11-26T05:00:00Z,71005,54.367451
54.64,54.9,53.67,864,53.74,2018-11-27T05:00:00Z,78151,54.352813
56.55,56.85,53.96,750,54.61,2018-11-28T05:00:00Z,82082,55.490462
57.44,57.805,55.94,671,56.54,2018-11-29T05:00:00Z,45604,56.985698
58.04,58.05,56.54,685,57.2,2018-11-30T05:00:00Z,64071,57.701799
58.44,58.69,56.74,717,58.69,2018-12-03T05:00:00Z,71009,57.712079
57.4,58.4,57.23,1166,58.32,2018-12-04T05:00:00Z,102651,57.729818
57.13,57.13,55.25,511,56.74,2018-12-06T05:00:00Z,50733,56.728343
57.75,57.81,55.03,973,57.11,2018-12-07T05:00:00Z,72353,57.545563
61.34,61.55,57.0,2397,57.79,2018-12-10T05:00:00Z,162204,60.104634
62.54,63.395,59.88,954,61.46,2018-12-11T05:00:00Z,96932,62.373859
64.04,65.07,62.68,1439,63.1,2018-12-12T05:00:00Z,93111,64.31287
63.82,64.5,62.7,941,63.99,2018-12-13T05:00:00Z,72217,63.694498
63.61,64.31,62.55,1321,63.45,2018-12-14T05:00:00Z,148694,63.643873
62.37,63.75,60.5,1724,63.19,2018-12-17T05:00:00Z,158370,62.833971
62.07,62.91,61.52,2158,62.4,2018-12-18T05:00:00Z,216093,62.162094
60.78,62.75,60.65,1348,62.3,2018-12-19T05:00:00Z,199736,61.133923
60.3,61.04,60.18,1528,60.68,2018-12-20T05:00:00Z,202715,60.508858
60.63,60.89,59.7,2126,60.5,2018-12-21T05:00:00Z,273019,60.583434
59.24,60.27,59.12,677,60.27,2018-12-24T05:00:00Z,55383,59.645529
60.32,60.41,58.94,727,59.23,2018-12-26T05:00:00Z,60573,59.865856
60.48,60.49,59.44,635,59.79,2018-12-27T05:00:00Z,49657,60.06014
60.81,61.645,60.13,570,60.62,2018-12-28T05:00:00Z,38886,60.776649
60.06,61.27,59.83,948,61.27,2018-12-31T05:00:00Z,88346,60.176888
60.69,61.17,59.27,807,59.56,2019-01-02T05:00:00Z,61598,60.31177
59.05,60.394,58.03,889,60.29,2019-01-03T05:00:00Z,83105,58.870998
60.98,61.02,58.38,603,60.39,2019-01-04T05:00:00Z,66796,60.474492
62.26,62.73,59.6,1083,60.95,2019-01-07T05:00:00Z,72097,61.888578
62.39,62.73,61.45,687,62.73,2019-01-08T05:00:00Z,51136,62.308958
63.19,63.63,61.53,682,62.59,2019-01-09T05:00:00Z,76068,62.507154
63.4,63.445,62.19,691,63.04,2019-01-10T05:00:00Z,49918,63.096039
63.9,64.235,62.87,719,63.18,2019-01-11T05:00:00Z,59574,63.623501
63.65,64.14,62.89,1047,63.69,2019-01-14T05:00:00Z,47833,63.694904
64.64,64.64,62.89,656,63.77,2019-01-15T05:00:00Z,54264,64.225805
65.26,65.57,64.39,874,64.98,2019-01-16T05:00:00Z,65384,65.000659
66.79,66.8199,65.04,934,65.04,2019-01-17T05:00:00Z,95193,66.094352
68.2,68.33,66.25,986,66.87,2019-01-18T05:00:00Z,80344,67.613108
68.0,68.26,67.43,977,67.87,2019-01-22T05:00:00Z,98389,67.849034
69.09,69.32,67.74,934,68.11,2019-01-23T05:00:00Z,85714,68.649529
70.58,72.66,67.55,891,69.06,2019-01-24T05:00:00Z,122074,69.477138
70.94,72.05,70.29,1019,71.5,2019-01-25T05:00:00Z,125863,70.947144
71.22,71.58,70.0,979,70.26,2019-01-28T05:00:00Z,103463,70.765486
71.1,71.75,70.3,792,71.16,2019-01-29T05:00:00Z,91584,71.035911
71.7,72.28,70.67,1097,71.53,2019-01-30T05:00:00Z,76234,71.401817
73.62,73.7,71.45,1018,71.89,2019-01-31T05:00:00Z,97562,73.026903
73.91,74.88,72.38,1263,73.26,2019-02-01T05:00:00Z,100493,73.739703
74.23,74.62,73.18,780,73.79,2019-02-04T05:00:00Z,95517,74.064722
74.73,74.78,73.51,1180,74.3,2019-02-05T05:00:00Z,157067,74.145052
71.97,75.41,71.4,1166,74.79,2019-02-06T05:00:00Z,90419,72.66196
69.54,71.8,67.62,1896,71.65,2019-02-07T05:00:00Z,131786,69.330408
70.41,70.855,68.48,1127,69.37,2019-02-08T05:00:00Z,71158,70.204642
69.85,70.91,69.66,508,70.62,2019-02-11T05:00:00Z,32103,70.252438
71.4,71.5,69.2,781,70.32,2019-02-12T05:00:00Z,50445,70.785684
69.84,70.59,67.46,971,67.46,2019-02-13T05:00:00Z,68465,69.482365
71.73,78.27,67.17,3949,71.66,2019-02-14T05:00:00Z,418252,73.208507
75.04,76.85,72.3254,1716,72.38,2019-02-15T05:00:00Z,139611,75.327351
74.24,76.7764,73.55,1424,74.56,2019-02-19T05:00:00Z,121689,74.920478
73.65,74.6322,73.067,708,74.24,2019-02-20T05:00:00Z,52695,73.638614
75.14,75.405,73.28,731,73.93,2019-02-21T05:00:00Z,49365,74.741468
77.02,77.37,74.75,950,75.2,2019-02-22T05:00:00Z,64767,76.628973
77.69,77.81,76.43,871,77.05,2019-02-25T05:00:00Z,54995,77.42509
76.77,78.825,76.7,1074,77.76,2019-02-26T05:00:00Z,71459,77.78363
77.38,77.39,75.87,513,76.32,2019-02-27T05:00:00Z,32549,76.955057
77.53,78.23,77.34,641,77.34,2019-02-28T05:00:00Z,48963,77.688647
78.4,79.025,77.0,752,78.0,2019-03-01T05:00:00Z,57547,78.176878
75.22,78.46,75.02,914,78.46,2019-03-04T05:00:00Z,60522,76.178667
77.02,77.12,75.23,559,75.23,2019-03-05T05:00:00Z,43877,76.606101
76.75,77.09,76.05,627,77.04,2019-03-06T05:00:00Z,41103,76.70532
75.88,77.14,75.63,889,76.76,2019-03-07T05:00:00Z,55174,76.386903
76.76,77.0,75.04,837,75.58,2019-03-08T05:00:00Z,58093,76.624574
77.48,77.91,76.34,1010,76.93,2019-03-11T04:00:00Z,56475,77.30558
76.88,77.385,76.27,745,77.36,2019-03-12T04:00:00Z,57375,76.968002
77.02,77.46,76.0,1349,77.11,2019-03-13T04:00:00Z,144455,76.972618
79.52,79.52,76.41,1285,77.02,2019-03-14T04:00:00Z,146819,78.947739
80.01,80.01,78.8962,1103,79.4,2019-03-15T04:00:00Z,187778,79.719028
80.03,80.34,78.895,1451,80.06,2019-03-18T04:00:00Z,145338,79.732148
80.43,80.9,79.3,1475,80.9,2019-03-19T04:00:00Z,182987,80.376125
79.03,80.48,78.37,1270,80.3,2019-03-20T04:00:00Z,93551,79.861471
80.88,81.77,78.05,845,78.77,2019-03-21T04:00:00Z,63898,80.508701
79.04,80.74,79.0,803,80.31,2019-03-22T04:00:00Z,66994,79.493395
78.92,79.45,77.07,825,78.67,2019-03-25T04:00:00Z,43892,78.928883
79.06,79.96,78.73,524,79.38,2019-03-26T04:00:00Z,26743,79.187738
78.87,79.12,76.7635,511,79.05,2019-03-27T04:00:00Z,28029,78.674477
80.94,81.7,78.18,1377,79.07,2019-03-28T04:00:00Z,103958,80.114053
81.18,82.74,80.545,915,80.75,2019-03-29T04:00:00Z,100996,81.547338
79.52,82.06,79.21,799,81.72,2019-04-01T04:00:00Z,59968,79.924989
80.81,81.25,78.96,1098,79.53,2019-04-02T04:00:00Z,63288,80.37801
80.84,82.16,80.74,549,80.74,2019-04-03T04:00:00Z,38262,81.064165
80.21,82.35,79.34,577,80.9,2019-04-04T04:00:00Z,46562,80.314902
82.2,82.47,80.33,750,80.33,2019-04-05T04:00:00Z,49730,81.916007
81.4,82.54,81.19,542,81.75,2019-04-08T04:00:00Z,36291,81.700402
83.51,83.985,81.89,680,81.89,2019-04-09T04:00:00Z,50688,83.207083
85.2,85.37,83.41,804,83.49,2019-04-10T04:00:00Z,61569,84.666471
86.55,88.11,84.66,740,85.32,2019-04-11T04:00:00Z,50421,86.790927
88.9,89.51,86.9,1169,86.9,2019-04-12T04:00:00Z,81132,88.481052
89.12,89.48,88.38,829,88.6,2019-04-15T04:00:00Z,67361,89.026537
87.03,89.5,86.51,961,89.31,2019-04-16T04:00:00Z,75991,87.396756
87.08,88.24,85.2287,1029,87.13,2019-04-17T04:00:00Z,61660,86.932748
86.56,87.2,84.49,1438,87.2,2019-04-18T04:00:00Z,58871,86.160048
88.67,88.67,85.57,626,86.09,2019-04-22T04:00:00Z,44100,87.609885
88.68,90.21,88.19,801,89.04,2019-04-23T04:00:00Z,50896,89.05966
87.95,89.81,87.18,617,89.0,2019-04-24T04:00:00Z,40727,88.050483
87.18,88.33,86.99,624,88.09,2019-04-25T04:00:00Z,32700,87.372932
87.92,88.21,87.26,449,87.33,2019-04-26T04:00:00Z,27781,87.748335
86.46,88.77,86.06,1246,87.71,2019-04-29T04:00:00Z,85812,87.006295
88.19,88.33,84.56,691,86.02,2019-04-30T04:00:00Z,61187,87.861805
86.5,88.4,86.39,589,88.26,2019-05-01T04:00:00Z,43779,87.185976
86.65,87.35,85.975,811,86.37,2019-05-02T04:00:00Z,55870,86.646572
87.0,88.2,86.3,827,87.11,2019-05-03T04:00:00Z,63161,87.086287
87.34,87.42,85.54,637,85.54,2019-05-06T04:00:00Z,42303,86.927098
85.07,87.205,83.9004,1433,86.88,2019-05-07T04:00:00Z,86926,85.658494
86.05,86.935,84.434,1386,85.21,2019-05-08T04:00:00Z,103303,85.751427
68.75,82.41,67.39,3765,82.1,2019-05-09T04:00:00Z,295210,70.72884
67.27,69.46,66.905,2220,67.97,2019-05-10T04:00:00Z,199535,68.008177
65.4,66.6959,64.5,1729,66.1,2019-05-13T04:00:00Z,132229,65.516836
64.05,66.74,63.43,1475,65.52,2019-05-14T04:00:00Z,121156,64.193189
67.52,69.83,63.0758,2324,63.57,2019-05-15T04:00:00Z,174505,67.624726
65.2,68.7795,64.52,1301,68.0,2019-05-16T04:00:00Z,115079,65.775171
65.01,65.37,62.86,2478,65.2,2019-05-17T04:00:00Z,278319,64.567653
61.29,64.76,59.28,3055,64.76,2019-05-20T04:00:00Z,250138,60.987685
63.18,64.46,60.59,2214,61.5,2019-05-21T04:00:00Z,157263,62.425237
63.15,63.76,61.21,1144,62.84,2019-05-22T04:00:00Z,88474,62.644832
61.84,63.15,59.97,1295,62.7,2019-05-23T04:00:00Z,110063,61.277125
62.48,63.48,62.04,1141,62.18,2019-05-24T04:00:00Z,74544,62.627519
62.12,63.25,60.83,2152,62.5,2019-05-28T04:00:00Z,180170,61.98933
58.76,62.0,58.17,1585,61.67,2019-05-29T04:00:00Z,114786,59.283626
60.42,60.61,58.06,1227,58.4,2019-05-30T04:00:00Z,89495,59.58914
59.25,60.35,58.1,1467,59.8,2019-05-31T04:00:00Z,122443,59.326619
58.84,59.58,57.83,2097,59.24,2019-06-03T04:00:00Z,189161,58.573402
57.91,59.36,56.74,2193,59.36,2019-06-04T04:00:00Z,151201,57.771338
57.88,59.29,57.05,1753,57.96,2019-06-05T04:00:00Z,159068,58.059501
60.01,60.19,57.25,1652,57.85,2019-06-06T04:00:00Z,139848,58.987383
62.0,63.06,59.865,2580,60.25,2019-06-07T04:00:00Z,193456,61.869202
59.79,62.24,59.11,1466,62.01,2019-06-10T04:00:00Z,129338,60.471236
60.56,61.34,60.0,1619,60.0,2019-06-11T04:00:00Z,135039,60.599848
60.42,61.045,59.02,832,60.38,2019-06-12T04:00:00Z,58903,60.118721
61.3,61.76,60.05,1149,60.68,2019-06-13T04:00:00Z,78955,61.012499
61.87,62.2283,60.71,1106,61.03,2019-06-14T04:00:00Z,80035,61.76301
61.48,63.0,61.3,1808,62.23,2019-06-17T04:00:00Z,151482,61.999545
61.33,63.25,60.95,829,62.2,2019-06-18T04:00:00Z,77753,61.86023
60.32,62.0,59.92,1258,61.4,2019-06-19T04:00:00Z,103798,60.688475
60.63,62.14,60.19,995,61.0,2019-06-20T04:00:00Z,71578,61.026622
60.29,61.39,59.97,1011,60.65,2019-06-21T04:00:00Z,117281,60.431487
59.62,61.8,58.86,1037,59.76,2019-06-24T04:00:00Z,86719,59.677461
58.35,60.0,58.35,2356,59.66,2019-06-25T04:00:00Z,181645,58.89155
59.61,61.27,52.0,3974,57.95,2019-06-26T04:00:00Z,419867,57.483356
59.47,60.65,58.73,2664,59.61,2019-06-27T04:00:00Z,192770,59.446388
61.02,61.92,59.48,1992,59.48,2019-06-28T04:00:00Z,183325,61.055378
61.24,61.95,60.15,1715,61.95,2019-07-01T04:00:00Z,94895,61.11894
61.21,61.77,60.595,2029,61.24,2019-07-02T04:00:00Z,88743,61.246732
62.29,63.56,61.25,1129,61.42,2019-07-03T04:00:00Z,79609,62.581353
62.48,62.89,61.225,2117,62.11,2019-07-05T04:00:00Z,135498,62.089957
62.06,62.45,61.165,1551,62.0,2019-07-08T04:00:00Z,119888,61.939442
60.94,61.9,60.71,1085,61.18,2019-07-09T04:00:00Z,48614,61.078855
52.97,59.5,51.62,4427,59.5,2019-07-10T04:00:00Z,412802,53.398389
51.2,54.6299,50.9301,2451,52.9,2019-07-11T04:00:00Z,221121,52.255185
50.6,51.02,49.0,4358,50.93,2019-07-12T04:00:00Z,374478,50.070656
49.57,50.45,48.43,3241,50.45,2019-07-15T04:00:00Z,195659,49.3241
49.68,49.89,48.93,1679,49.48,2019-07-16T04:00:00Z,109323,49.601562
49.96,50.23,49.3227,1585,49.43,2019-07-17T04:00:00Z,142850,49.939908
50.9,51.49,49.85,3664,49.96,2019-07-18T04:00:00Z,218147,50.830194
50.82,52.35,50.5,4873,50.94,2019-07-19T04:00:00Z,218986,51.295523
51.05,52.29,50.265,2163,51.28,2019-07-22T04:00:00Z,126615,51.098562
50.14,51.41,49.915,1584,51.41,2019-07-23T04:00:00Z,138593,50.253224
49.94,50.61,48.08,2072,50.05,2019-07-24T04:00:00Z,127525,49.613458
49.49,50.78,49.43,1046,50.0,2019-07-25T04:00:00Z,141832,50.025477
50.04,50.27,49.49,1266,49.49,2019-07-26T04:00:00Z,84023,49.982606
49.34,50.99,48.59,1101,50.03,2019-07-29T04:00:00Z,55687,49.268278
49.9,49.95,48.66,1443,48.66,2019-07-30T04:00:00Z,90138,49.409814
48.93,50.71,48.48,1957,50.71,2019-07-31T04:00:00Z,104713,49.434334
47.85,49.61,47.58,1611,48.8,2019-08-01T04:00:00Z,105514,48.336062
47.71,48.316,46.77,1463,47.86,2019-08-02T04:00:00Z,97326,47.571382
46.61,47.39,46.18,1351,47.22,2019-08-05T04:00:00Z,86366,46.760679
46.21,47.02,45.69,1473,46.33,2019-08-06T04:00:00Z,112715,46.166081
46.37,46.84,45.011,1845,45.85,2019-08-07T04:00:00Z,141634,45.935464
48.2,48.44,46.54,1729,46.54,2019-08-08T04:00:00Z,121836,47.682533
47.21,48.08,47.15,995,48.08,2019-08-09T04:00:00Z,69259,47.48949
48.04,48.855,46.73,2176,47.07,2019-08-12T04:00:00Z,121003,47.922519
49.18,49.55,47.5,1294,48.06,2019-08-13T04:00:00Z,70910,49.086356
47.7,49.0,47.325,1475,48.54,2019-08-14T04:00:00Z,92525,47.89891
47.68,48.0,47.01,1517,47.74,2019-08-15T04:00:00Z,114138,47.602127
49.39,49.7,47.88,1113,48.13,2019-08-16T04:00:00Z,83701,49.176215
50.16,50.47,49.81,1248,49.96,2019-08-19T04:00:00Z,70649,50.192752
50.55,51.27,50.03,987,50.03,2019-08-20T04:00:00Z,61983,50.701078
50.12,51.05,50.09,1007,50.9,2019-08-21T04:00:00Z,62621,50.341724
50.26,50.85,49.62,1173,50.27,2019-08-22T04:00:00Z,70084,50.244764
48.26,50.33,47.82,1468,49.97,2019-08-23T04:00:00Z,79759,48.826172
49.33,49.415,48.01,1331,48.21,2019-08-26T04:00:00Z,71590,48.846821
49.54,49.68,48.73,1017,49.6,2019-08-27T04:00:00Z,63219,49.325272
49.37,50.07,48.46,1463,49.41,2019-08-28T04:00:00Z,73267,49.373517
50.8,51.48,49.55,1177,49.92,2019-08-29T04:00:00Z,48550,50.782374
50.46,50.94,49.89,846,50.94,2019-08-30T04:00:00Z,51548,50.301811
48.81,50.56,48.76,1727,50.22,2019-09-03T04:00:00Z,103385,49.446922
50.35,50.95,48.62,1321,49.41,2019-09-04T04:00:00Z,70240,50.154733
52.83,52.94,50.42,1392,51.06,2019-09-05T04:00:00Z,77750,52.217747
54.43,54.69,51.6,1356,52.89,2019-09-06T04:00:00Z,91467,54.161529
53.93,54.83,53.515,1054,54.46,2019-09-09T04:00:00Z,60699,54.05143
56.06,56.1,52.59,1249,53.89,2019-09-10T04:00:00Z,59947,55.098648
58.89,58.98,55.74,2039,56.56,2019-09-11T04:00:00Z,93533,58.197304
59.29,59.8,58.46,1086,59.0,2019-09-12T04:00:00Z,122899,59.243639
58.56,60.18,58.44,821,59.25,2019-09-13T04:00:00Z,51859,59.048717
55.19,58.48,54.85,1040,58.44,2019-09-16T04:00:00Z,89022,56.593911
55.42,55.58,52.41,1143,55.17,2019-09-17T04:00:00Z,79179,54.119076
53.98,55.355,53.55,1578,55.11,2019-09-18T04:00:00Z,110510,54.252705
55.57,55.84,53.28,898,53.61,2019-09-19T04:00:00Z,62839,54.713406
55.21,56.35,54.62,1089,55.61,2019-09-20T04:00:00Z,93114,55.568112
53.99,54.98,53.42,592,54.79,2019-09-23T04:00:00Z,37525,54.15533
53.6,54.8,52.51,1158,54.18,2019-09-24T04:00:00Z,58446,53.330211
54.27,54.49,52.72,958,53.42,2019-09-25T04:00:00Z,78828,53.537135
54.57,54.63,53.16,720,54.12,2019-09-26T04:00:00Z,48266,54.182247
53.63,55.35,53.1,726,54.85,2019-09-27T04:00:00Z,34993,54.000283
54.16,54.79,53.6,447,53.6,2019-09-30T04:00:00Z,34036,54.072076
51.39,54.93,51.14,1317,54.26,2019-10-01T04:00:00Z,76476,52.543173
52.6,52.72,50.24,1535,51.04,2019-10-02T04:00:00Z,107571,51.61911
52.37,53.8294,51.76,632,52.52,2019-10-03T04:00:00Z,38084,52.381459
53.23,53.77,52.26,1003,52.5,2019-10-04T04:00:00Z,59761,53.134225
51.43,53.01,51.13,774,53.01,2019-10-07T04:00:00Z,45999,51.715728
51.04,51.42,50.43,920,51.09,2019-10-08T04:00:00Z,46326,51.003127
52.135,52.27,51.36,786,51.43,2019-10-09T04:00:00Z,52723,51.884496
52.98,53.42,52.11,729,52.39,2019-10-10T04:00:00Z,55030,52.814299
55.88,56.1975,53.05,989,53.74,2019-10-11T04:00:00Z,69502,55.039734
54.01,55.96,53.61,528,55.69,2019-10-14T04:00:00Z,34679,54.570165
54.88,55.7,54.17,1009,54.18,2019-10-15T04:00:00Z,48607,54.838707
54.36,55.3,54.105,627,54.88,2019-10-16T04:00:00Z,32009,54.590283
55.78,55.8,53.91,339,54.55,2019-10-17T04:00:00Z,29524,55.376589
54.72,55.38,54.17,600,55.38,2019-10-18T04:00:00Z,40293,54.798978
57.04,57.28,54.85,549,55.0,2019-10-21T04:00:00Z,34104,56.243259
56.57,57.14,56.18,774,57.14,2019-10-22T04:00:00Z,36034,56.610375
57.22,58.14,56.06,692,56.59,2019-10-23T04:00:00Z,34745,57.087145
56.66,57.31,56.32,466,57.31,2019-10-24T04:00:00Z,30415,56.746429
58.55,58.82,56.26,772,56.67,2019-10-25T04:00:00Z,31701,58.330291
57.81,58.9,56.53,552,58.75,2019-10-28T04:00:00Z,30096,57.458827
57.2,58.29,57.19,399,58.29,2019-10-29T04:00:00Z,22271,57.499227
57.26,57.61,56.31,695,57.27,2019-10-30T04:00:00Z,36304,57.119282
55.54,58.1,55.08,444,57.11,2019-10-31T04:00:00Z,34537,55.743583
56.2,56.55,54.14,438,55.89,2019-11-01T04:00:00Z,29762,56.117028
55.53,56.71,55.27,502,56.71,2019-11-04T05:00:00Z,28603,55.648762
55.97,56.0,54.61,708,55.67,2019-11-05T05:00:00Z,47372,55.643702
54.99,56.89,54.5201,1022,55.92,2019-11-06T05:00:00Z,93550,55.645482
59.3,60.4435,55.6,1658,56.25,2019-11-07T05:00:00Z,157462,59.324028
59.24,60.66,59.06,805,59.06,2019-11-08T05:00:00Z,48900,59.749872
59.98,60.0,59.04,686,59.04,2019-11-11T05:00:00Z,20891,59.738806
62.29,62.47,60.09,772,60.09,2019-11-12T05:00:00Z,50068,61.500531
59.88,62.02,58.91,834,61.84,2019-11-13T05:00:00Z,59242,60.18557
57.56,60.0,57.155,1033,59.39,2019-11-14T05:00:00Z,73391,58.527133
57.21,58.15,56.61,1022,58.03,2019-11-15T05:00:00Z,55968,57.152274
56.49,57.39,56.3,739,57.08,2019-11-18T05:00:00Z,59176,56.648218
55.66,56.86,55.54,719,56.86,2019-11-19T05:00:00Z,32881,56.17633
53.63,55.85,53.46,855,55.38,2019-11-20T05:00:00Z,60054,54.208918
53.22,53.92,53.09,460,53.69,2019-11-21T05:00:00Z,26129,53.285472
54.71,55.36,53.02,668,53.43,2019-11-22T05:00:00Z,57464,54.117734
55.38,56.3,53.83,739,54.84,2019-11-25T05:00:00Z,38855,55.393375
56.45,57.16,55.01,572,55.21,2019-11-26T05:00:00Z,56649,56.407945
57.29,57.55,56.75,402,56.76,2019-11-27T05:00:00Z,19587,57.192818
56.75,57.82,56.72,251,57.01,2019-11-29T05:00:00Z,13687,57.001428
56.03,57.1,55.07,1167,56.69,2019-12-02T05:00:00Z,51614,55.867434
56.49,56.92,54.85,862,55.29,2019-12-03T05:00:00Z,46091,56.063963
57.07,57.84,56.33,679,56.99,2019-12-04T05:00:00Z,31636,57.190187
58.37,58.63,57.0,705,57.36,2019-12-05T05:00:00Z,31291,58.090348
58.38,59.73,57.31,1287,58.87,2019-12-06T05:00:00Z,93938,58.190013
58.42,59.37,57.72,1675,58.09,2019-12-09T05:00:00Z,79880,58.170097
59.615,59.81,57.96,855,58.5,2019-12-10T05:00:00Z,44052,59.134729
60.11,60.53,59.18,733,59.59,2019-12-11T05:00:00Z,52288,60.074174
60.37,61.03,59.7672,1264,59.98,2019-12-12T05:00:00Z,47492,60.248519
59.62,61.5,59.5,1270,60.37,2019-12-13T05:00:00Z,89526,60.137695
59.2,61.08,58.92,1149,60.12,2019-12-16T05:00:00Z,56201,59.784892
59.9,60.125,58.88,1468,59.24,2019-12-17T05:00:00Z,86487,59.503609
59.85,60.43,59.22,695,59.74,2019-12-18T05:00:00Z,39003,59.816197
59.57,60.3,58.98,872,59.85,2019-12-19T05:00:00Z,42358,59.599817
60.0,60.6356,58.7,688,59.77,2019-12-20T05:00:00Z,78173,59.692108
59.84,60.66,59.4021,829,59.97,2019-12-23T05:00:00Z,55039,59.902869
60.55,61.02,59.21,470,59.73,2019-12-24T05:00:00Z,22196,60.244291
62.74,63.05,60.42,557,60.68,2019-12-26T05:00:00Z,33453,62.121624
61.85,63.0,61.48,516,62.94,2019-12-27T05:00:00Z,34206,62.156219
61.52,61.89,60.8,924,61.51,2019-12-30T05:00:00Z,44769,61.496615
61.78,62.47,61.2,911,61.2,2019-12-31T05:00:00Z,76725,61.86598
62.1,62.36,60.18,600,62.36,2020-01-02T05:00:00Z,31382,61.459129
61.62,61.795,60.3,715,61.18,2020-01-03T05:00:00Z,111361,61.412378
61.32,61.84,60.7,574,61.06,2020-01-06T05:00:00Z,44458,61.390252
61.88,62.24,61.22,908,61.27,2020-01-07T05:00:00Z,36883,61.726563
62.83,63.52,61.73,686,61.88,2020-01-08T05:00:00Z,36390,62.743078
64.18,64.36,62.8142,574,63.0,2020-01-09T05:00:00Z,25601,63.782409
63.45,64.47,63.22,973,64.23,2020-01-10T05:00:00Z,127203,63.6285
64.31,64.76,62.82,710,63.4,2020-01-13T05:00:00Z,35068,63.926741
64.31,64.54,63.81,943,64.05,2020-01-14T05:00:00Z,56664,64.256974
64.78,65.77,64.14,1021,64.2,2020-01-15T05:00:00Z,59384,64.74356
66.19,67.32,65.05,632,65.23,2020-01-16T05:00:00Z,27672,66.321725
64.88,66.84,64.3,967,66.58,2020-01-17T05:00:00Z,93784,65.333576
63.51,64.89,63.09,706,64.53,2020-01-21T05:00:00Z,60168,64.061056
63.02,64.2,62.55,683,63.87,2020-01-22T05:00:00Z,39943,63.345936
62.41,62.85,61.8373,633,62.8,2020-01-23T05:00:00Z,44691,62.417523
61.94,62.5,61.45,1070,62.5,2020-01-24T05:00:00Z,48225,61.925388
61.26,62.4,60.28,1636,60.83,2020-01-27T05:00:00Z,94775,61.735261
61.93,62.7,61.31,562,61.75,2020-01-28T05:00:00Z,32400,61.996897
61.48,62.09,61.33,373,62.09,2020-01-29T05:00:00Z,27899,61.583589
61.77,62.18,60.46,743,60.93,2020-01-30T05:00:00Z,54133,61.342297
60.25,61.8763,59.56,594,61.49,2020-01-31T05:00:00Z,51770,60.258291
60.33,61.0,59.58,483,60.63,2020-02-03T05:00:00Z,27300,60.210848
61.17,61.78,60.3,758,60.85,2020-02-04T05:00:00Z,54484,61.083817
62.07,62.46,61.07,635,61.56,2020-02-05T05:00:00Z,56842,61.630669
62.6,62.87,61.04,628,61.62,2020-02-06T05:00:00Z,59839,62.452162
61.06,62.3,60.69,790,62.3,2020-02-07T05:00:00Z,46260,61.39577
60.33,60.81,60.02,461,60.62,2020-02-10T05:00:00Z,26402,60.385829
59.76,60.85,59.76,553,60.61,2020-02-11T05:00:00Z,31532,60.280974
59.125,60.51,57.47,1048,59.44,2020-02-12T05:00:00Z,77368,59.491087
57.06,60.94,54.285,1904,54.35,2020-02-13T05:00:00Z,166261,56.492522
57.03,57.625,56.23,804,57.1,2020-02-14T05:00:00Z,72792,56.830393
56.93,57.52,56.1,815,56.94,2020-02-18T05:00:00Z,76621,56.702751
56.27,57.26,56.2,626,57.09,2020-02-19T05:00:00Z,57096,56.663156
55.85,57.16,55.63,751,55.97,2020-02-20T05:00:00Z,63499,56.290072
54.93,55.7,53.81,918,55.6,2020-02-21T05:00:00Z,57591,54.721061
52.04,53.65,52.04,768,52.81,2020-02-24T05:00:00Z,57264,52.542347
50.45,52.71,50.2044,1005,52.22,2020-02-25T05:00:00Z,63977,51.107307
50.35,51.65,49.53,827,50.67,2020-02-26T05:00:00Z,64098,50.354699
49.69,51.275,48.68,905,49.71,2020-02-27T05:00:00Z,77985,50.021344
51.09,51.45,47.4116,1380,48.07,2020-02-28T05:00:00Z,117913,50.32131
52.08,52.12,50.01,751,51.08,2020-03-02T05:00:00Z,52932,51.391449
51.82,53.45,50.68,1261,50.68,2020-03-03T05:00:00Z,84554,52.277311
52.23,52.55,51.43,704,52.29,2020-03-04T05:00:00Z,52890,52.112976
51.59,52.3,50.435,1343,51.16,2020-03-05T05:00:00Z,122678,51.335357
50.94,51.69,48.71,954,50.09,2020-03-06T05:00:00Z,69190,50.38796
48.28,49.77,45.89,1469,48.6,2020-03-09T04:00:00Z,115251,48.187086
48.82,50.35,47.46,1288,49.45,2020-03-10T04:00:00Z,79937,48.69308
46.9,48.32,46.65,1481,47.83,2020-03-11T04:00:00Z,128350,47.324062
42.85,46.4,42.6,2999,45.0,2020-03-12T04:00:00Z,255160,44.128426
47.15,47.47,43.45,2029,44.64,2020-03-13T04:00:00Z,158678,45.77494
46.61,46.83,42.5,2057,43.25,2020-03-16T04:00:00Z,182324,45.628198
52.51,54.41,45.66,2552,46.08,2020-03-17T04:00:00Z,172962,50.824551
47.47,52.47,46.295,1771,49.9,2020-03-18T04:00:00Z,129080,48.761473
49.19,49.94,46.7002,1297,47.29,2020-03-19T04:00:00Z,88678,49.030393
48.0,50.25,45.92,1988,49.12,2020-03-20T04:00:00Z,205763,47.999953
46.42,48.34,43.65,2008,48.34,2020-03-23T04:00:00Z,132858,45.446713
50.17,50.17,47.705,1547,48.39,2020-03-24T04:00:00Z,121933,49.160991
47.75,50.25,46.56,1316,50.15,2020-03-25T04:00:00Z,116300,48.105345
50.83,50.83,47.96,1063,48.22,2020-03-26T04:00:00Z,96270,49.602273
47.17,50.3,46.96,1365,50.26,2020-03-27T04:00:00Z,100588,48.653504
47.31,48.92,45.62,1432,48.01,2020-03-30T04:00:00Z,120428,47.297273
48.26,49.47,46.08,1769,47.23,2020-03-31T04:00:00Z,143352,48.000435
46.16,48.33,45.86,1022,46.84,2020-04-01T04:00:00Z,78578,46.802561
46.89,47.35,45.03,1396,46.45,2020-04-02T04:00:00Z,102383,46.458347
47.54,47.9,46.4,707,46.54,2020-04-03T04:00:00Z,55900,47.405265
47.01,48.55,46.53,1028,48.31,2020-04-06T04:00:00Z,87594,47.253001
47.0,48.45,46.5,1365,47.68,2020-04-07T04:00:00Z,128158,47.2634
49.98,50.98,47.16,978,47.43,2020-04-08T04:00:00Z,65888,49.451312
52.84,53.2,50.23,901,50.23,2020-04-09T04:00:00Z,65712,52.490192
53.62,54.6737,52.3144,754,52.68,2020-04-13T04:00:00Z,44951,53.432399
51.31,54.41,51.09,617,54.37,2020-04-14T04:00:00Z,39485,51.816908
51.74,52.74,49.83,1055,49.83,2020-04-15T04:00:00Z,45244,51.505427
52.52,52.705,50.4,1003,51.71,2020-04-16T04:00:00Z,41389,52.05061
53.51,54.6,52.88,522,53.53,2020-04-17T04:00:00Z,63034,53.497672
52.76,53.9,52.4747,368,52.65,2020-04-20T04:00:00Z,28926,52.995355
50.61,52.02,49.5505,497,52.02,2020-04-21T04:00:00Z,24418,50.564359
51.4,52.21,50.9108,477,50.98,2020-04-22T04:00:00Z,23378,51.35948
51.28,52.28,50.33,859,51.89,2020-04-23T04:00:00Z,47186,51.272362
52.12,52.45,50.37,349,51.27,2020-04-24T04:00:00Z,20946,51.637373
54.35,54.65,51.8701,618,53.26,2020-04-27T04:00:00Z,45849,53.988832
53.55,55.66,53.37,530,55.66,2020-04-28T04:00:00Z,36792,54.006286
55.5,56.97,54.25,1824,54.93,2020-04-29T04:00:00Z,76947,55.786062
52.91,55.65,52.51,776,55.65,2020-04-30T04:00:00Z,51095,53.810682
52.09,52.51,49.92,768,51.88,2020-05-01T04:00:00Z,54363,51.407271
52.24,52.37,51.24,630,51.99,2020-05-04T04:00:00Z,41974,52.10258
52.89,53.58,52.53,834,53.15,2020-05-05T04:00:00Z,29133,52.977829
53.15,53.435,52.179,911,53.03,2020-05-06T04:00:00Z,41581,52.994219
53.85,54.64,52.57,837,53.27,2020-05-07T04:00:00Z,43182,53.925576
56.55,58.8,53.9,1118,55.14,2020-05-08T04:00:00Z,52476,56.651912
55.76,56.88,54.84,639,56.09,2020-05-11T04:00:00Z,39482,55.696862
53.86,56.12,53.06,781,56.12,2020-05-12T04:00:00Z,50714,54.221374
54.31,54.93,52.145,866,53.7,2020-05-13T04:00:00Z,52773,53.690398
55.79,56.08,51.8,1253,53.48,2020-05-14T04:00:00Z,73963,54.734976
55.67,55.68,54.64,690,55.49,2020-05-15T04:00:00Z,46663,55.358738
58.03,58.5,56.49,1232,57.09,2020-05-18T04:00:00Z,70191,57.741021
55.94,57.89,55.525,899,57.42,2020-05-19T04:00:00Z,51286,56.581339
58.33,58.78,56.005,1018,57.11,2020-05-20T04:00:00Z,62511,57.790422
58.2,58.63,56.12,571,58.02,2020-05-21T04:00:00Z,32019,57.951413
58.59,58.75,57.3703,261,58.1,2020-05-22T04:00:00Z,21842,58.428649
60.39,62.68,58.795,916,59.16,2020-05-26T04:00:00Z,59184,60.782365
62.03,62.54,59.41,1038,61.47,2020-05-27T04:00:00Z,55677,61.267085
60.01,62.9,59.74,1032,62.37,2020-05-28T04:00:00Z,62232,60.921117
60.07,60.34,59.02,650,59.59,2020-05-29T04:00:00Z,85081,59.974765
59.68,60.4,58.67,581,60.4,2020-06-01T04:00:00Z,53095,59.565225
58.7,59.98,57.79,646,59.89,2020-06-02T04:00:00Z,31654,58.777697
61.63,62.645,57.44,1385,59.06,2020-06-03T04:00:00Z,55902,61.091683
60.4,61.85,60.07,480,61.85,2020-06-04T04:00:00Z,26611,60.809076
61.27,62.71,60.86,989,61.58,2020-06-05T04:00:00Z,50639,61.641496
62.4,62.91,60.85,963,61.94,2020-06-08T04:00:00Z,51710,62.012665
62.21,63.75,61.33,721,62.21,2020-06-09T04:00:00Z,50417,62.589014
61.44,62.4377,61.04,628,61.97,2020-06-10T04:00:00Z,33949,61.519834
58.3,60.7,57.91,1065,59.7,2020-06-11T04:00:00Z,57186,58.625685
58.63,60.16,57.62,829,60.16,2020-06-12T04:00:00Z,34041,58.583448
58.84,59.26,57.14,684,57.14,2020-06-15T04:00:00Z,42222,58.695486
59.11,60.26,58.635,702,60.26,2020-06-16T04:00:00Z,32119,59.261282
58.88,59.115,58.36,333,58.79,2020-06-17T04:00:00Z,20615,58.818969
60.0,60.08,58.28,544,58.28,2020-06-18T04:00:00Z,30802,59.379425
57.86,60.66,57.38,842,60.66,2020-06-19T04:00:00Z,100847,59.375915
57.75,58.45,57.58,496,58.0,2020-06-22T04:00:00Z,25493,57.948751
58.38,58.95,57.92,901,58.47,2020-06-23T04:00:00Z,45681,58.494253
56.0,58.48,55.88,626,57.89,2020-06-24T04:00:00Z,57217,56.397462
57.32,57.83,55.69,833,55.69,2020-06-25T04:00:00Z,62834,56.997502
54.87,57.17,54.11,813,56.85,2020-06-26T04:00:00Z,98664,55.243688
55.94,56.43,55.27,735,55.32,2020-06-29T04:00:00Z,51286,55.912338
57.32,57.63,55.78,1131,55.78,2020-06-30T04:00:00Z,60522,56.852294
57.45,58.07,57.05,555,57.05,2020-07-01T04:00:00Z,31413,57.541037
57.44,58.19,56.96,592,58.19,2020-07-02T04:00:00Z,30907,57.46236
59.98,61.4,57.8101,1301,58.45,2020-07-06T04:00:00Z,66791,59.884413
59.5,60.995,58.83,715,59.98,2020-07-07T04:00:00Z,39937,59.68269
59.41,60.19,58.33,410,59.53,2020-07-08T04:00:00Z,21303,59.123855
59.08,59.99,58.125,722,59.71,2020-07-09T04:00:00Z,46730,58.908907
59.59,59.82,58.48,403,58.97,2020-07-10T04:00:00Z,24319,59.254568
58.86,59.99,58.7,575,59.83,2020-07-13T04:00:00Z,42928,59.245328
59.0,59.37,58.41,486,58.43,2020-07-14T04:00:00Z,28103,58.885569
59.71,61.23,59.14,1216,60.08,2020-07-15T04:00:00Z,66199,59.780504
59.52,60.15,58.72,474,59.59,2020-07-16T04:00:00Z,31939,59.439378
61.1,61.46,59.036,651,59.5,2020-07-17T04:00:00Z,31877,60.704589
61.97,61.97,60.68,301,60.68,2020-07-20T04:00:00Z,17093,61.616826
61.63,63.13,61.56,713,62.37,2020-07-21T04:00:00Z,40084,62.118369
60.85,62.55,60.0,647,61.72,2020-07-22T04:00:00Z,34051,61.089413
60.92,61.84,60.58,468,60.58,2020-07-23T04:00:00Z,29751,61.107978
60.53,62.5,59.25,659,60.5,2020-07-24T04:00:00Z,33302,60.519437
61.34,61.47,60.41,419,60.41,2020-07-27T04:00:00Z,18535,61.075385
60.41,61.69,60.3623,555,60.85,2020-07-28T04:00:00Z,22702,60.909068
63.08,63.81,61.0,753,61.14,2020-07-29T04:00:00Z,32619,62.932172
61.89,63.02,61.14,751,62.2,2020-07-30T04:00:00Z,35727,61.928583
60.51,61.81,59.85,583,61.81,2020-07-31T04:00:00Z,36773,60.514759
69.6,71.57,61.22,1771,61.22,2020-08-03T04:00:00Z,104890,68.143895
69.06,69.94,67.19,786,69.03,2020-08-04T04:00:00Z,46882,69.168271
70.99,71.6,69.56,596,69.56,2020-08-05T04:00:00Z,33227,70.759821
70.98,71.4,68.9972,918,70.95,2020-08-06T04:00:00Z,20823,70.254918
66.2,72.9,65.39,726,72.9,2020-08-07T04:00:00Z,42215,68.712873
65.06,66.7299,64.84,462,66.59,2020-08-10T04:00:00Z,23044,65.516247
64.42,66.3895,63.88,648,65.55,2020-08-11T04:00:00Z,31260,64.816318
65.32,65.36,63.08,571,64.86,2020-08-12T04:00:00Z,26225,64.99173
65.9,66.16,64.27,295,65.19,2020-08-13T04:00:00Z,15015,65.595648
64.45,65.6,63.64,326,65.33,2020-08-14T04:00:00Z,12144,64.61633
64.94,64.94,63.32,357,63.76,2020-08-17T04:00:00Z,15040,64.243024
63.71,64.5,63.42,294,64.33,2020-08-18T04:00:00Z,14589,63.760103
64.81,65.55,63.03,453,63.8,2020-08-19T04:00:00Z,18802,64.752025
65.67,66.0,64.83,508,65.19,2020-08-20T04:00:00Z,24673,65.632166
64.85,65.67,63.91,452,65.18,2020-08-21T04:00:00Z,24579,64.830814
64.61,64.97,63.22,509,64.97,2020-08-24T04:00:00Z,20617,64.233675
63.995,64.61,63.8,343,64.61,2020-08-25T04:00:00Z,13967,64.000673
64.37,64.8,63.86,491,64.0,2020-08-26T04:00:00Z,22964,64.403624
64.39,64.69,63.76,576,64.37,2020-08-27T04:00:00Z,20785,64.416247
64.04,64.71,63.3052,434,64.71,2020-08-28T04:00:00Z,19309,63.874031
63.22,63.935,63.0,341,63.69,2020-08-31T04:00:00Z,26864,63.362085
64.4,64.41,63.06,382,63.11,2020-09-01T04:00:00Z,19458,63.913018
64.59,64.65,63.5,434,64.16,2020-09-02T04:00:00Z,15678,64.245221
62.41,64.24,61.57,470,64.24,2020-09-03T04:00:00Z,24603,62.477768
62.97,63.1,60.28,649,63.1,2020-09-04T04:00:00Z,36500,62.015059
68.41,69.515,60.3378,1659,61.9,2020-09-08T04:00:00Z,90554,67.060409
70.14,71.78,68.87,1912,68.87,2020-09-09T04:00:00Z,65616,70.309506
69.63,70.5,69.15,965,70.0,2020-09-10T04:00:00Z,47390,69.778973
69.2,70.58,68.32,1076,70.25,2020-09-11T04:00:00Z,48369,69.405777
72.41,72.84,69.7,1218,69.7,2020-09-14T04:00:00Z,77981,71.859749
72.41,74.72,70.3701,1265,72.65,2020-09-15T04:00:00Z,52606,73.102746
70.55,73.18,70.41,1274,72.55,2020-09-16T04:00:00Z,56086,71.410967
71.49,71.9,69.55,1278,69.96,2020-09-17T04:00:00Z,53849,71.183254
71.14,73.48,71.07,1641,72.27,2020-09-18T04:00:00Z,642334,71.284125
68.25,70.89,66.86,1705,69.95,2020-09-21T04:00:00Z,94541,68.127084
68.26,69.0,67.41,624,68.03,2020-09-22T04:00:00Z,29509,68.193864
67.5,68.4,67.4,871,68.11,2020-09-23T04:00:00Z,40366,67.667487
68.0,68.27,67.04,1177,67.5,2020-09-24T04:00:00Z,32242,67.743387
67.77,67.96,67.47,660,67.47,2020-09-25T04:00:00Z,25749,67.742031
68.04,68.61,67.53,560,68.12,2020-09-28T04:00:00Z,20377,68.069334
69.54,69.85,68.48,729,68.825,2020-09-29T04:00:00Z,26659,69.437685
68.9,69.8,68.44,742,69.56,2020-09-30T04:00:00Z,36238,68.925719
71.15,71.58,69.1,1023,69.1,2020-10-01T04:00:00Z,41307,70.771375
71.11,71.9199,70.5,974,70.51,2020-10-02T04:00:00Z,107510,70.934326
72.7,73.22,71.25,819,71.25,2020-10-05T04:00:00Z,45050,72.505471
72.35,74.01,71.87,976,73.26,2020-10-06T04:00:00Z,41326,72.713606
72.64,73.25,72.06,922,72.78,2020-10-07T04:00:00Z,41262,72.637831
74.03,74.3,72.97,758,73.15,2020-10-08T04:00:00Z,29626,73.952814
73.85,75.0,72.7,606,74.64,2020-10-09T04:00:00Z,29294,73.886831
74.09,74.15,72.67,659,73.83,2020-10-12T04:00:00Z,25514,73.823685
75.61,75.93,73.15,565,73.15,2020-10-13T04:00:00Z,24323,74.999703
73.57,76.0,73.45,344,76.0,2020-10-14T04:00:00Z,15789,74.445677
74.87,75.12,72.53,455,73.21,2020-10-15T04:00:00Z,15467,74.405566
75.1,75.65,74.18,336,74.36,2020-10-16T04:00:00Z,18717,74.80773
75.96,76.89,74.81,440,74.81,2020-10-19T04:00:00Z,18596,75.865695
76.04,77.2,75.615,338,76.49,2020-10-20T04:00:00Z,16203,76.126997
76.28,77.06,76.03,319,76.54,2020-10-21T04:00:00Z,20829,76.250555
76.45,77.13,75.5001,475,76.79,2020-10-22T04:00:00Z,31025,76.469895
76.92,78.0,76.49,418,76.49,2020-10-23T04:00:00Z,23335,77.003955
75.53,76.37,75.26,381,76.37,2020-10-26T04:00:00Z,22532,75.667145
75.69,76.46,75.25,286,75.25,2020-10-27T04:00:00Z,20249,75.746355
74.54,74.85,73.66,484,74.47,2020-10-28T04:00:00Z,28561,74.305329
74.75,75.48,73.76,586,73.97,2020-10-29T04:00:00Z,25039,74.546504
73.79,75.12,73.13,787,74.13,2020-10-30T04:00:00Z,53215,73.977653
75.37,75.37,73.77,582,74.38,2020-11-02T05:00:00Z,48275,74.911999
74.71,76.89,74.09,685,76.12,2020-11-03T05:00:00Z,37851,75.175209
76.17,76.17,74.16,328,74.16,2020-11-04T05:00:00Z,31589,75.540814
76.8,78.0,75.82,1278,76.0,2020-11-05T05:00:00Z,51450,76.801306
71.875,74.58,70.0,1127,72.0,2020-11-06T05:00:00Z,70752,72.589428
73.72,75.75,72.05,983,75.75,2020-11-09T05:00:00Z,54345,74.2241
74.4,76.7,73.48,872,74.32,2020-11-10T05:00:00Z,37957,75.030285
75.33,75.33,72.77,479,74.12,2020-11-11T05:00:00Z,24236,75.053631
71.98,74.73,70.725,665,74.73,2020-11-12T05:00:00Z,40177,71.804521
71.48,73.7081,71.17,603,72.13,2020-11-13T05:00:00Z,27395,72.106935
71.21,72.9069,69.78,664,71.82,2020-11-16T05:00:00Z,53956,70.905901
72.1,73.25,68.67,809,68.67,2020-11-17T05:00:00Z,61253,71.522338
71.56,72.34,70.12,535,72.01,2020-11-18T05:00:00Z,34079,71.570437
72.19,72.19,70.915,455,71.13,2020-11-19T05:00:00Z,21859,71.936153
72.61,72.875,70.969,784,71.15,2020-11-20T05:00:00Z,42245,72.10174
72.93,73.42,72.24,675,73.34,2020-11-23T05:00:00Z,34278,72.838056
72.69,74.29,71.94,955,73.42,2020-11-24T05:00:00Z,60434,73.037818
72.5,73.46,72.1424,524,72.59,2020-11-25T05:00:00Z,29909,72.714946
73.16,73.39,72.02,352,72.99,2020-11-27T05:00:00Z,14457,72.719785
72.5,73.56,71.86,532,73.56,2020-11-30T05:00:00Z,45478,72.512096
72.5,73.04,71.99,586,72.94,2020-12-01T05:00:00Z,22539,72.562857
72.54,72.85,71.52,745,72.6961,2020-12-02T05:00:00Z,33461,72.286187
74.44,74.73,72.02,704,72.54,2020-12-03T05:00:00Z,29619,73.568177
77.91,77.91,74.58,781,74.58,2020-12-04T05:00:00Z,41941,76.554916
78.0,78.2,77.14,679,77.8,2020-12-07T05:00:00Z,24913,77.96883
77.95,79.25,77.38,659,78.84,2020-12-08T05:00:00Z,28142,78.120872
75.77,78.75,75.57,465,77.97,2020-12-09T05:00:00Z,21979,76.046678
75.63,76.28,74.98,603,75.94,2020-12-10T05:00:00Z,31725,75.581764
75.65,76.19,73.7898,597,74.48,2020-12-11T05:00:00Z,26176,75.447977
76.92,77.26,75.925,741,76.5,2020-12-14T05:00:00Z,28173,76.737767
77.27,77.46,76.1,499,77.26,2020-12-15T05:00:00Z,37300,76.876444
76.92,77.67,76.92,468,77.59,2020-12-16T05:00:00Z,23155,77.162593
77.81,78.11,76.74,578,76.93,2020-12-17T05:00:00Z,30573,77.624457
75.6,78.5,75.5,885,78.25,2020-12-18T05:00:00Z,126440,76.793615
75.65,75.65,72.6107,620,74.66,2020-12-21T05:00:00Z,42679,74.760847
75.43,76.62,74.97,413,75.42,2020-12-22T05:00:00Z,16992,75.666823
74.65,75.32,74.19,560,75.16,2020-12-23T05:00:00Z,35711,74.864685
72.86,74.43,72.78,286,74.43,2020-12-24T05:00:00Z,8775,73.089689
72.89,73.71,72.08,448,73.32,2020-12-28T05:00:00Z,24842,72.819721
74.04,74.28,71.55,700,72.6,2020-12-29T05:00:00Z,47239,73.425472
73.58,74.42,72.97,736,73.97,2020-12-30T05:00:00Z,24900,73.668727
73.89,75.11,72.71,581,74.27,2020-12-31T05:00:00Z,47113,73.718283
73.17,74.45,72.09,588,74.15,2021-01-04T05:00:00Z,50266,73.017585
73.63,73.95,72.96,540,73.44,2021-01-05T05:00:00Z,38909,73.561261
75.08,76.45,74.12,778,74.14,2021-01-06T05:00:00Z,44210,75.442403
74.52,75.67,74.34,407,75.18,2021-01-07T05:00:00Z,22147,74.816495
72.17,74.73,70.55,783,74.36,2021-01-08T05:00:00Z,34071,72.040186
71.8,72.4404,70.87,454,71.13,2021-01-11T05:00:00Z,34276,71.559056
72.15,72.425,70.79,499,72.14,2021-01-12T05:00:00Z,34979,71.733203
72.19,72.66,71.46,422,71.93,2021-01-13T05:00:00Z,21641,72.166706
73.06,74.27,72.38,543,72.38,2021-01-14T05:00:00Z,27905,73.240806
73.25,73.79,72.28,319,72.28,2021-01-15T05:00:00Z,27872,73.013844
72.91,74.33,72.36,553,73.6,2021-01-19T05:00:00Z,36999,72.998533
76.75,77.26,72.69,848,73.85,2021-01-20T05:00:00Z,68965,74.620711
79.23,79.8199,76.72,644,76.89,2021-01-21T05:00:00Z,33755,78.838408
82.82,84.45,78.51,1225,78.51,2021-01-22T05:00:00Z,71109,82.313108
78.15,83.03,77.71,745,83.03,2021-01-25T05:00:00Z,29521,79.731745
78.54,79.7679,78.3,492,78.3,2021-01-26T05:00:00Z,24581,78.829411
92.26,94.2,77.0,2217,77.0,2021-01-27T05:00:00Z,144512,86.842396
83.29,94.2,82.58,2516,90.17,2021-01-28T05:00:00Z,234673,90.523115
79.9,84.13,79.39,1552,84.13,2021-01-29T05:00:00Z,62688,81.621255
81.09,81.47,78.41,696,79.63,2021-02-01T05:00:00Z,26976,80.596783
83.48,84.0,81.28,713,81.28,2021-02-02T05:00:00Z,25158,83.306166
84.82,85.16,82.16,744,82.81,2021-02-03T05:00:00Z,36057,84.006719
87.49,87.91,83.4623,1228,84.13,2021-02-04T05:00:00Z,31285,86.504177
89.66,89.99,86.91,607,88.42,2021-02-05T05:00:00Z,26257,88.91525
89.74,90.74,88.5049,820,89.83,2021-02-08T05:00:00Z,47212,89.517501
83.74,90.425,83.74,773,89.93,2021-02-09T05:00:00Z,40163,85.8879
83.1,86.8637,82.2948,1086,84.46,2021-02-10T05:00:00Z,48726,83.490366
81.62,83.64,80.59,754,82.65,2021-02-11T05:00:00Z,28695,81.683324
83.05,83.05,79.0,826,80.35,2021-02-12T05:00:00Z,38552,80.96535
80.36,83.99,80.36,562,82.92,2021-02-16T05:00:00Z,25827,81.235139
81.75,82.62,79.85,716,80.17,2021-02-17T05:00:00Z,27943,80.849445
80.17,82.38,79.818,513,80.84,2021-02-18T05:00:00Z,32452,80.596259
83.76,84.7744,80.25,545,80.25,2021-02-19T05:00:00Z,38434,83.588935
83.54,84.02,82.05,567,83.76,2021-02-22T05:00:00Z,30841,83.393101
81.92,83.88,80.22,666,83.3,2021-02-23T05:00:00Z,34027,81.748496
81.15,82.6724,80.55,642,81.72,2021-02-24T05:00:00Z,28707,81.472514
79.58,82.42,79.4,641,81.58,2021-02-25T05:00:00Z,25160,80.474719
79.02,82.28,78.64,627,79.63,2021-02-26T05:00:00Z,37049,79.680974
85.2,85.53,79.06,812,80.31,2021-03-01T05:00:00Z,34391,83.236243
84.74,86.25,84.55,989,84.98,2021-03-02T05:00:00Z,37384,85.42168
85.88,86.0,83.49,751,85.09,2021-03-03T05:00:00Z,30705,85.243443
81.73,85.8063,81.51,721,85.57,2021-03-04T05:00:00Z,27762,83.167857
83.02,83.05,79.5407,672,83.05,2021-03-05T05:00:00Z,33356,82.283117
82.25,82.82,79.84,742,82.82,2021-03-08T05:00:00Z,37402,81.341838
80.57,85.8,80.06,906,82.0,2021-03-09T05:00:00Z,53526,82.216833
80.66,83.57,79.795,821,80.65,2021-03-10T05:00:00Z,42293,81.123059
80.15,82.93,79.54,1054,80.86,2021-03-11T05:00:00Z,60329,80.594358
78.23,80.01,77.2501,514,80.01,2021-03-12T05:00:00Z,24022,78.231123
78.4,78.83,75.44,627,77.29,2021-03-15T04:00:00Z,38414,77.398448
80.23,80.93,77.0,952,77.66,2021-03-16T04:00:00Z,59728,79.620341
79.68,80.22,77.62,625,79.81,2021-03-17T04:00:00Z,24382,79.4085
80.03,82.16,79.02,721,80.025,2021-03-18T04:00:00Z,33838,80.18092
84.73,85.44,80.39,1120,80.66,2021-03-19T04:00:00Z,174107,83.062076
85.92,86.94,83.18,803,85.0,2021-03-22T04:00:00Z,41668,85.591949
84.05,85.92,82.66,525,85.92,2021-03-23T04:00:00Z,26100,83.995858
82.55,84.33,82.18,649,84.33,2021-03-24T04:00:00Z,22985,82.791709
82.54,82.84,79.54,446,81.63,2021-03-25T04:00:00Z,14281,82.261064
81.47,84.46,80.42,813,82.54,2021-03-26T04:00:00Z,41254,81.904118
80.0,81.625,78.43,1032,80.84,2021-03-29T04:00:00Z,62346,80.024011
78.71,80.14,77.06,847,79.94,2021-03-30T04:00:00Z,35565,78.553243
77.5,80.27,77.3,723,78.02,2021-03-31T04:00:00Z,63339,77.91964
79.41,80.52,77.66,533,77.66,2021-04-01T04:00:00Z,34143,79.290435
80.1,81.15,78.526,432,80.11,2021-04-05T04:00:00Z,23122,79.848518
79.64,80.1,78.0,816,79.67,2021-04-06T04:00:00Z,42234,79.157089
76.94,79.9,76.48,947,79.9,2021-04-07T04:00:00Z,32328,77.834685
80.33,80.4,76.6,640,76.6,2021-04-08T04:00:00Z,41650,78.920736
81.52,82.13,79.44,483,79.69,2021-04-09T04:00:00Z,24865,80.42744
82.3,83.33,81.41,414,82.23,2021-04-12T04:00:00Z,13215,82.464335
83.95,84.97,80.42,480,80.42,2021-04-13T04:00:00Z,25282,83.195053
82.4,84.35,82.155,558,83.42,2021-04-14T04:00:00Z,21071,83.047901
82.19,83.35,81.0,532,81.53,2021-04-15T04:00:00Z,29984,82.18376
80.08,83.14,80.07,555,82.82,2021-04-16T04:00:00Z,31224,81.353902
81.61,81.725,77.9275,987,79.76,2021-04-19T04:00:00Z,63137,79.987999
80.1,81.7375,79.12,579,81.16,2021-04-20T04:00:00Z,25640,80.103264
82.15,83.43,80.12,723,80.3,2021-04-21T04:00:00Z,23589,82.318133
82.64,83.21,81.6101,442,82.83,2021-04-22T04:00:00Z,21845,82.513853
81.78,82.99,81.35,645,82.95,2021-04-23T04:00:00Z,27618,81.989352
79.35,82.08,79.33,815,82.08,2021-04-26T04:00:00Z,29022,80.006759
81.08,81.1225,78.9,1005,80.02,2021-04-27T04:00:00Z,46097,80.124301
79.9,82.58,79.0801,838,81.09,2021-04-28T04:00:00Z,22351,80.52469
79.31,80.89,78.325,640,79.78,2021-04-29T04:00:00Z,18954,79.417856
78.61,81.59,77.48,1097,78.38,2021-04-30T04:00:00Z,43031,78.685525
79.87,82.13,77.86,982,77.88,2021-05-03T04:00:00Z,39549,79.621863
76.63,79.28,76.3,898,79.28,2021-05-04T04:00:00Z,24065,76.961614
75.8,77.43,75.18,1064,76.46,2021-05-05T04:00:00Z,26181,75.946063
77.55,77.985,75.0,977,76.26,2021-05-06T04:00:00Z,27783,77.159831
79.58,80.31,77.43,773,78.59,2021-05-07T04:00:00Z,23181,79.071001
79.85,80.9793,78.8311,973,79.33,2021-05-10T04:00:00Z,41127,79.921018
80.5,81.0,78.78,1058,78.78,2021-05-11T04:00:00Z,33396,80.064983
79.44,80.76,78.45,1224,79.45,2021-05-12T04:00:00Z,51732,79.455467
79.63,80.64,78.57,797,78.57,2021-05-13T04:00:00Z,37883,79.697767
79.33,79.775,77.71,813,79.7,2021-05-14T04:00:00Z,53918,79.437094
78.38,80.1,78.01,719,78.88,2021-05-17T04:00:00Z,51899,78.8742
77.33,78.51,77.1966,949,78.28,2021-05-18T04:00:00Z,40882,77.707819
77.17,77.66,76.1,1052,76.23,2021-05-19T04:00:00Z,59219,77.024639
78.51,78.69,77.0,1378,77.08,2021-05-20T04:00:00Z,48140,78.142805
77.78,79.828,77.15,1197,79.0,2021-05-21T04:00:00Z,44772,78.384817
79.49,80.46,77.04,1108,77.58,2021-05-24T04:00:00Z,41881,79.054167
79.8,80.44,78.74,1619,79.39,2021-05-25T04:00:00Z,40903,79.896763
80.01,80.98,79.48,530,79.8,2021-05-26T04:00:00Z,19917,80.185565
78.38,80.33,77.09,1246,80.13,2021-05-27T04:00:00Z,76059,78.700964
78.1,79.75,77.7,630,79.49,2021-05-28T04:00:00Z,26258,78.550178
78.21,78.7335,77.465,806,77.85,2021-06-01T04:00:00Z,38907,78.045616
79.85,80.23,78.3,1250,78.3,2021-06-02T04:00:00Z,38968,79.579443
79.68,80.28,78.574,824,78.574,2021-06-03T04:00:00Z,23386,79.626171
80.36,80.64,78.75,1145,78.91,2021-06-04T04:00:00Z,45733,79.589889
81.04,81.63,79.31,1459,80.1,2021-06-07T04:00:00Z,62720,80.704402
78.8,80.98,77.0,1916,80.7,2021-06-08T04:00:00Z,87364,78.399523
77.24,79.51,77.24,953,79.1,2021-06-09T04:00:00Z,48201,78.333609
76.91,77.9,75.65,1643,77.5,2021-06-10T04:00:00Z,50543,77.032774
76.86,77.26,76.11,1093,76.66,2021-06-11T04:00:00Z,30553,76.57672
77.77,78.44,76.74,1073,76.74,2021-06-14T04:00:00Z,34517,77.730428
76.03,79.13,75.3101,1541,77.56,2021-06-15T04:00:00Z,81381,76.929757
76.78,77.1,76.25,933,76.25,2021-06-16T04:00:00Z,48945,76.858667
76.52,77.06,76.3101,763,76.85,2021-06-17T04:00:00Z,45569,76.75731
77.67,78.16,76.32,953,76.62,2021-06-18T04:00:00Z,102724,77.288493
78.59,79.18,76.94,1568,78.08,2021-06-21T04:00:00Z,53688,78.2986
79.33,80.0,77.4358,1026,78.0,2021-06-22T04:00:00Z,60382,78.8051
77.79,79.93,77.61,944,79.22,2021-06-23T04:00:00Z,36764,78.47805
79.41,79.9,76.81,1100,78.15,2021-06-24T04:00:00Z,39918,78.488985
78.36,79.65,77.98,1125,79.3,2021-06-25T04:00:00Z,151611,78.424658
77.62,79.18,76.965,806,78.61,2021-06-28T04:00:00Z,27981,77.926716
77.54,78.35,77.08,1019,77.62,2021-06-29T04:00:00Z,27001,77.683533
80.32,81.74,77.07,2184,77.5,2021-06-30T04:00:00Z,121223,80.183157
80.45,80.6,79.29,721,80.53,2021-07-01T04:00:00Z,25269,80.130827
80.18,80.92,78.97,675,80.0,2021-07-02T04:00:00Z,44274,79.971694
80.09,80.49,78.26,703,79.36,2021-07-06T04:00:00Z,42279,79.450844
80.28,81.8622,79.7,405,80.36,2021-07-07T04:00:00Z,15123,80.240789
80.1,81.0,79.54,755,80.09,2021-07-08T04:00:00Z,18479,80.165356
80.14,81.02,79.28,521,80.46,2021-07-09T04:00:00Z,23162,80.097188
80.15,80.5,79.38,472,80.22,2021-07-12T04:00:00Z,33729,79.97915
79.21,80.17,79.21,339,80.17,2021-07-13T04:00:00Z,12337,79.483698
78.49,80.0,78.26,760,79.59,2021-07-14T04:00:00Z,19211,78.768682
79.52,80.12,78.435,1174,79.83,2021-07-15T04:00:00Z,27962,79.297899
81.38,81.98,79.88,1115,80.02,2021-07-16T04:00:00Z,23788,81.18623
81.86,82.5,80.545,781,81.01,2021-07-19T04:00:00Z,17530,81.784093
81.63,83.875,81.53,1006,82.24,2021-07-20T04:00:00Z,52946,82.06395
81.81,82.695,81.5,507,82.09,2021-07-21T04:00:00Z,15082,81.977224
80.41,82.857,79.98,420,81.59,2021-07-22T04:00:00Z,16191,80.686562
80.06,80.53,78.44,446,80.46,2021-07-23T04:00:00Z,17874,79.835737
79.55,80.2,79.14,271,80.2,2021-07-26T04:00:00Z,11164,79.553088
78.98,79.51,78.09,362,79.51,2021-07-27T04:00:00Z,12023,78.867638
78.92,79.24,78.33,358,79.24,2021-07-28T04:00:00Z,10519,78.833312
78.65,79.3,78.65,289,79.05,2021-07-29T04:00:00Z,10322,78.804661
77.76,79.275,77.42,385,78.72,2021-07-30T04:00:00Z,15585,77.922997
78.2,78.2,77.1,634,77.57,2021-08-02T04:00:00Z,21852,77.908184
78.2,78.31,77.59,296,77.78,2021-08-03T04:00:00Z,9510,78.10162
76.0,77.93,75.8,1073,77.93,2021-08-04T04:00:00Z,59790,76.349113
78.12,78.83,76.33,520,76.63,2021-08-05T04:00:00Z,19293,77.712084
77.59,77.99,77.52,330,77.7,2021-08-06T04:00:00Z,10514,77.651525
77.33,77.33,76.81,313,77.17,2021-08-09T04:00:00Z,13077,77.209313
75.34,76.86,74.47,979,76.73,2021-08-10T04:00:00Z,27331,75.531623
75.81,75.81,73.555,590,75.55,2021-08-11T04:00:00Z,24629,74.892314
75.37,75.95,74.36,993,75.95,2021-08-12T04:00:00Z,35558,75.330268
74.8,75.85,74.47,387,75.12,2021-08-13T04:00:00Z,13655,75.066145
74.98,75.43,73.28,1650,74.9,2021-08-16T04:00:00Z,40893,74.954202
74.34,75.44,73.54,903,74.6,2021-08-17T04:00:00Z,41811,74.53674
73.39,74.52,73.03,684,74.0,2021-08-18T04:00:00Z,22091,73.586352
73.12,73.25,72.51,455,72.8,2021-08-19T04:00:00Z,14564,73.049888
73.94,74.65,72.75,862,72.75,2021-08-20T04:00:00Z,26311,73.775296
75.94,76.17,73.94,901,73.94,2021-08-23T04:00:00Z,22054,75.431796
75.69,76.11,75.14,336,76.11,2021-08-24T04:00:00Z,10684,75.601453
74.73,76.3,74.54,393,76.3,2021-08-25T04:00:00Z,15202,74.892721
74.06,74.99,74.06,354,74.99,2021-08-26T04:00:00Z,12366,74.236255
75.93,76.29,74.51,684,74.55,2021-08-27T04:00:00Z,37945,75.626416
74.1,76.26,74.09,506,76.0,2021-08-30T04:00:00Z,14830,74.551387
74.11,75.245,74.0,354,74.0,2021-08-31T04:00:00Z,24412,74.231939
74.84,75.33,74.02,484,74.82,2021-09-01T04:00:00Z,14658,74.88289
75.64,75.65,75.09,609,75.18,2021-09-02T04:00:00Z,14230,75.518607
76.8,77.41,75.45,306,75.6,2021-09-03T04:00:00Z,14366,76.567301
76.75,77.0,75.57,562,76.32,2021-09-07T04:00:00Z,13640,76.458812
77.6,78.535,76.3,929,76.3,2021-09-08T04:00:00Z,22514,77.611529
75.98,77.395,75.9,565,77.0,2021-09-09T04:00:00Z,27561,76.29432
75.45,77.15,75.45,635,76.35,2021-09-10T04:00:00Z,27738,75.999745
74.11,75.0,73.8175,518,74.8383,2021-09-13T04:00:00Z,22571,74.149558
73.96,74.7,73.82,591,74.68,2021-09-14T04:00:00Z,17192,74.032475
75.18,75.18,73.12,828,74.22,2021-09-15T04:00:00Z,27739,74.466593
75.09,75.24,73.36,469,74.87,2021-09-16T04:00:00Z,19086,74.723189
75.58,75.75,73.45,526,75.29,2021-09-17T04:00:00Z,100485,75.439442
76.23,77.07,73.95,741,74.7,2021-09-20T04:00:00Z,27972,75.847934
76.72,77.31,75.25,603,76.49,2021-09-21T04:00:00Z,29514,76.472818
75.38,77.55,74.68,852,76.385,2021-09-22T04:00:00Z,27234,75.657904
76.21,76.31,75.37,343,75.76,2021-09-23T04:00:00Z,11220,76.078671
75.63,76.48,74.995,364,75.5,2021-09-24T04:00:00Z,12265,75.715192
78.81,80.69,75.1006,738,76.07,2021-09-27T04:00:00Z,29252,78.092997
77.08,78.43,74.71,510,78.43,2021-09-28T04:00:00Z,23044,77.244981
77.18,77.32,76.4,317,77.32,2021-09-29T04:00:00Z,13882,77.019102
78.95,79.61,77.13,495,77.13,2021-09-30T04:00:00Z,20686,78.555213
80.61,82.33,78.8,778,79.5,2021-10-01T04:00:00Z,31864,80.618308
81.2,82.11,80.22,694,80.49,2021-10-04T04:00:00Z,26492,81.100193
80.42,82.9,80.42,399,81.58,2021-10-05T04:00:00Z,12664,80.841721
79.76,81.17,79.09,377,80.18,2021-10-06T04:00:00Z,16401,80.241013
81.2,82.5,80.81,938,81.98,2021-10-07T04:00:00Z,24019,81.555119
79.0,81.0,79.0,199,81.0,2021-10-08T04:00:00Z,9209,79.24052
78.37,79.8,78.37,293,78.8,2021-10-11T04:00:00Z,9800,78.777676
79.48,79.89,78.4,452,78.6,2021-10-12T04:00:00Z,18861,79.281942
80.13,80.88,79.245,507,79.77,2021-10-13T04:00:00Z,9188,80.087016
82.33,82.33,81.2001,483,81.2001,2021-10-14T04:00:00Z,20206,82.118189
81.94,83.405,81.795,1181,83.29,2021-10-15T04:00:00Z,51816,82.496448
82.07,82.66,81.6,1135,82.0,2021-10-18T04:00:00Z,23259,82.221221
80.81,82.76,80.48,1293,81.45,2021-10-19T04:00:00Z,24165,81.310007
81.98,82.25,79.95,1343,80.61,2021-10-20T04:00:00Z,19433,81.779732
81.18,82.41,81.0,393,81.94,2021-10-21T04:00:00Z,21564,81.703759
81.75,82.22,81.27,395,81.91,2021-10-22T04:00:00Z,18362,81.792809
80.71,81.9,80.55,468,81.79,2021-10-25T04:00:00Z,20856,81.008963
80.44,81.26,80.23,705,80.965,2021-10-26T04:00:00Z,28033,80.770096
80.49,81.32,80.28,349,80.48,2021-10-27T04:00:00Z,16141,80.718756
81.4,81.6,80.35,327,80.815,2021-10-28T04:00:00Z,14165,81.199219
82.3,82.44,80.8,451,81.59,2021-10-29T04:00:00Z,21144,82.062575
82.89,83.81,81.5477,1329,82.11,2021-11-01T04:00:00Z,64976,82.771203
83.82,84.0,82.915,479,82.915,2021-11-02T04:00:00Z,51127,83.624184
86.79,87.5,83.43,645,83.43,2021-11-03T04:00:00Z,32324,86.30004
88.0,89.58,86.7,520,87.0,2021-11-04T04:00:00Z,21111,88.108934
91.18,92.93,88.2,952,88.83,2021-11-05T04:00:00Z,58673,91.211685
88.98,92.26,88.6,446,91.09,2021-11-08T05:00:00Z,16164,89.67813
89.83,90.52,86.5501,746,87.87,2021-11-09T05:00:00Z,45314,88.567491
90.4,90.88,89.19,627,90.0,2021-11-10T05:00:00Z,43775,90.121453
88.44,91.82,88.15,620,90.27,2021-11-11T05:00:00Z,28549,89.874805
88.6,88.93,87.7,291,88.89,2021-11-12T05:00:00Z,11333,88.531162
89.97,89.97,88.125,406,88.46,2021-11-15T05:00:00Z,22740,89.410667
90.38,91.48,88.59,675,89.12,2021-11-16T05:00:00Z,28902,90.226962
89.2,90.09,88.7101,446,90.09,2021-11-17T05:00:00Z,15430,89.284753
89.55,90.2,89.02,546,89.02,2021-11-18T05:00:00Z,21642,89.613665
88.32,90.02,88.215,776,89.19,2021-11-19T05:00:00Z,18280,88.693453
87.35,89.14,87.35,605,87.485,2021-11-22T05:00:00Z,15953,87.685846
86.31,88.88,85.78,419,88.88,2021-11-23T05:00:00Z,17226,86.32709
84.61,86.52,83.57,504,86.18,2021-11-24T05:00:00Z,18220,84.625369
82.46,83.62,81.0201,644,83.56,2021-11-26T05:00:00Z,24705,82.359335
82.3,83.225,82.0,767,82.73,2021-11-29T05:00:00Z,25164,82.413309
81.33,82.79,81.33,428,82.275,2021-11-30T05:00:00Z,25687,81.638423
79.28,82.31,79.0,549,82.31,2021-12-01T05:00:00Z,30596,79.634342
83.68,83.68,79.84,991,80.21,2021-12-02T05:00:00Z,30433,82.911273
80.8,83.54,79.89,594,83.54,2021-12-03T05:00:00Z,48187,80.84511
82.59,82.88,81.57,540,81.57,2021-12-06T05:00:00Z,17425,82.464804
84.2,84.67,83.48,439,83.855,2021-12-07T05:00:00Z,17668,84.236774
85.77,87.24,83.09,556,83.59,2021-12-08T05:00:00Z,15559,85.644881
83.87,86.69,83.87,273,85.59,2021-12-09T05:00:00Z,11795,84.163042
82.99,84.54,82.39,354,83.83,2021-12-10T05:00:00Z,13492,83.007014
83.24,84.03,82.5,334,83.29,2021-12-13T05:00:00Z,18314,83.216784
82.62,83.555,82.5,477,83.45,2021-12-14T05:00:00Z,18621,82.681905
83.65,84.07,81.12,666,83.31,2021-12-15T05:00:00Z,34108,83.2184
81.42,84.34,81.0,962,84.34,2021-12-16T05:00:00Z,31972,81.649154
83.09,84.53,82.05,747,82.05,2021-12-17T05:00:00Z,69140,82.839562
80.57,82.41,78.1401,942,81.94,2021-12-20T05:00:00Z,26098,80.633964
81.91,81.91,79.92,485,80.3,2021-12-21T05:00:00Z,27990,81.813227
83.29,83.54,81.87,304,81.87,2021-12-22T05:00:00Z,13540,83.203241
83.97,84.2797,83.43,234,83.43,2021-12-23T05:00:00Z,15593,83.937481
84.08,84.35,83.47,312,84.35,2021-12-27T05:00:00Z,10975,84.071301
83.4,85.27,83.4,209,85.27,2021-12-28T05:00:00Z,15346,83.496554
83.13,83.94,81.95,350,83.94,2021-12-29T05:00:00Z,14203,82.986561
83.07,85.16,82.75,442,83.33,2021-12-30T05:00:00Z,17727,83.405687
83.82,84.11,82.69,212,82.69,2021-12-31T05:00:00Z,10142,83.560826
82.82,83.15,81.84,333,83.15,2022-01-03T05:00:00Z,19233,82.442407
83.08,83.91,82.11,411,82.11,2022-01-04T05:00:00Z,13630,82.906365
82.1,82.99,80.6,716,82.9,2022-01-05T05:00:00Z,27943,82.115181
81.79,83.2,81.0,405,82.91,2022-01-06T05:00:00Z,25269,82.026721
81.61,82.84,81.39,389,81.83,2022-01-07T05:00:00Z,19394,82.038433
82.0,82.52,79.51,453,80.16,2022-01-10T05:00:00Z,15706,81.211885
79.99,82.33,79.5006,633,82.33,2022-01-11T05:00:00Z,31561,80.06957
80.35,81.32,79.16,513,80.4,2022-01-12T05:00:00Z,29926,80.231826
79.95,80.9,79.95,267,80.65,2022-01-13T05:00:00Z,13126,80.189976
80.82,81.31,79.27,383,79.64,2022-01-14T05:00:00Z,16620,80.377379
79.84,81.6907,79.4,865,81.24,2022-01-18T05:00:00Z,37643,80.104404
79.95,81.44,79.24,457,79.56,2022-01-19T05:00:00Z,29707,80.147874
79.85,80.72,79.85,584,80.05,2022-01-20T05:00:00Z,28629,80.144907
78.99,80.43,78.77,692,79.25,2022-01-21T05:00:00Z,38497,79.239888
79.22,79.97,77.51,948,77.51,2022-01-24T05:00:00Z,40737,78.703012
78.27,79.5,76.45,798,78.24,2022-01-25T05:00:00Z,28851,78.318374
77.51,79.01,76.605,811,78.48,2022-01-26T05:00:00Z,27791,77.889754
76.59,78.07,76.23,696,77.82,2022-01-27T05:00:00Z,23850,77.094405
78.91,78.91,76.37,805,76.74,2022-01-28T05:00:00Z,36639,78.114378
79.0,80.04,78.18,1499,78.6,2022-01-31T05:00:00Z,79693,78.855925
78.7,80.26,78.23,1007,79.3,2022-02-01T05:00:00Z,49399,78.98682
79.43,80.09,78.22,1052,79.27,2022-02-02T05:00:00Z,64794,79.2688
78.4,80.06,78.4,728,79.9,2022-02-03T05:00:00Z,30250,79.18723
76.48,78.47,76.1,658,78.31,2022-02-04T05:00:00Z,21633,76.657797
76.2,76.87,75.65,811,76.43,2022-02-07T05:00:00Z,23932,76.144693
77.33,78.07,75.93,444,75.93,2022-02-08T05:00:00Z,19491,77.147785
78.41,79.53,77.47,667,77.47,2022-02-09T05:00:00Z,28616,78.418689
76.7,78.91,76.25,857,77.6,2022-02-10T05:00:00Z,33384,77.444019
76.8,78.87,75.82,1267,75.82,2022-02-11T05:00:00Z,42892,77.50795
76.81,78.4,76.1075,955,76.63,2022-02-14T05:00:00Z,34796,76.866102
77.66,78.49,77.11,876,77.11,2022-02-15T05:00:00Z,45562,77.856517
77.5,77.7,76.25,750,77.31,2022-02-16T05:00:00Z,25226,77.355058
74.64,77.15,74.55,853,76.88,2022-02-17T05:00:00Z,27879,75.439985
72.7,74.77,72.15,1633,74.27,2022-02-18T05:00:00Z,53547,73.114409
70.2,73.0896,69.67,1195,72.44,2022-02-22T05:00:00Z,32957,70.65617
69.62,71.0625,69.34,1413,70.745,2022-02-23T05:00:00Z,31659,69.954888
68.02,69.07,66.92,1508,68.5,2022-02-24T05:00:00Z,49882,67.904421
67.3,68.63,66.33,1124,68.13,2022-02-25T05:00:00Z,32943,67.298153
67.18,67.7,65.05,1167,66.51,2022-02-28T05:00:00Z,51938,66.902045
65.87,67.82,65.34,1057,66.08,2022-03-01T05:00:00Z,136422,66.981305
67.87,68.27,66.39,822,66.39,2022-03-02T05:00:00Z,26259,67.741663
67.31,68.1,66.435,1220,67.95,2022-03-03T05:00:00Z,34774,67.218492
64.44,66.63,64.33,1230,66.63,2022-03-04T05:00:00Z,36483,64.971061
62.95,64.83,62.34,2079,64.8,2022-03-07T05:00:00Z,73612,63.342636
63.94,65.8,62.9,1632,62.9,2022-03-08T05:00:00Z,73324,64.384662
65.84,66.54,65.05,1233,65.05,2022-03-09T05:00:00Z,53682,65.723257
65.08,66.0,63.49,597,64.81,2022-03-10T05:00:00Z,26281,64.685515
64.18,65.48,63.96,467,65.48,2022-03-11T05:00:00Z,16447,64.253103
65.13,65.67,64.01,1067,64.32,2022-03-14T04:00:00Z,37348,64.966855
66.72,66.98,65.05,1075,65.35,2022-03-15T04:00:00Z,39909,66.249984
68.47,68.76,67.16,898,67.4,2022-03-16T04:00:00Z,35244,68.23153
69.34,69.79,68.07,1009,68.975,2022-03-17T04:00:00Z,30757,69.116646
70.23,70.5,67.63,917,69.12,2022-03-18T04:00:00Z,64322,69.625894
68.5,70.49,68.12,968,70.11,2022-03-21T04:00:00Z,37170,69.090774
69.63,70.46,68.08,786,68.33,2022-03-22T04:00:00Z,38666,69.240464
69.08,69.92,68.79,856,69.52,2022-03-23T04:00:00Z,31259,69.254866
69.86,70.11,68.81,797,69.03,2022-03-24T04:00:00Z,22575,69.512186
70.13,70.42,69.77,481,69.8,2022-03-25T04:00:00Z,20253,70.107986
70.62,70.88,69.71,845,69.81,2022-03-28T04:00:00Z,30517,70.299184
72.03,72.9837,71.09,1427,71.35,2022-03-29T04:00:00Z,46196,71.907105
70.34,72.3958,69.85,970,71.59,2022-03-30T04:00:00Z,43920,70.838678
68.3,70.6,67.94,1357,70.16,2022-03-31T04:00:00Z,86492,69.131133
69.73,69.94,67.58,912,68.43,2022-04-01T04:00:00Z,36470,69.169013
69.5,70.09,68.78,1095,68.87,2022-04-04T04:00:00Z,26736,69.480525
68.22,70.65,68.16,1131,69.33,2022-04-05T04:00:00Z,38375,68.697999
68.07,68.35,67.0,910,68.0,2022-04-06T04:00:00Z,34634,67.776707
68.63,68.78,66.61,1002,67.51,2022-04-07T04:00:00Z,44817,68.238552
66.04,68.52,66.04,904,67.95,2022-04-08T04:00:00Z,32210,67.265889
66.0,66.83,65.36,676,65.55,2022-04-11T04:00:00Z,31572,65.918614
65.79,67.65,65.5,624,66.43,2022-04-12T04:00:00Z,25064,66.07071
65.45,65.74,64.72,1181,64.9084,2022-04-13T04:00:00Z,45502,65.276181
65.17,65.83,64.4,776,65.83,2022-04-14T04:00:00Z,29055,65.045642
63.84,65.0,63.24,648,64.78,2022-04-18T04:00:00Z,26609,63.92805
65.57,65.83,63.84,826,64.61,2022-04-19T04:00:00Z,35792,64.836193
65.78,66.435,65.05,1003,65.58,2022-04-20T04:00:00Z,52187,65.881208
65.56,66.51,65.29,938,66.51,2022-04-21T04:00:00Z,49880,65.682356
64.43,65.17,64.25,742,65.17,2022-04-22T04:00:00Z,48949,64.660412
64.79,65.27,63.92,1371,64.23,2022-04-25T04:00:00Z,65269,64.519683
61.02,64.49,60.96,1795,64.49,2022-04-26T04:00:00Z,88957,62.660278
59.64,61.45,58.98,2120,61.3,2022-04-27T04:00:00Z,107456,60.019368
61.16,61.41,58.78,1248,60.26,2022-04-28T04:00:00Z,44592,60.357006
57.62,61.4,57.35,1137,61.4,2022-04-29T04:00:00Z,50850,58.105383
57.36,57.84,55.1,2145,57.4,2022-05-02T04:00:00Z,92010,56.56173
55.69,57.67,55.12,1474,57.09,2022-05-03T04:00:00Z,41283,55.913925
56.75,56.865,54.07,1557,55.7,2022-05-04T04:00:00Z,66503,55.584464
54.18,55.95,52.89,1870,55.95,2022-05-05T04:00:00Z,85972,54.137306
50.4,54.25,48.47,3052,54.25,2022-05-06T04:00:00Z,174815,50.412946
50.49,51.25,48.6663,1506,49.9,2022-05-09T04:00:00Z,59694,49.687185
50.22,51.13,49.38,1495,50.98,2022-05-10T04:00:00Z,57168,50.101223
47.67,50.73,47.46,2073,49.96,2022-05-11T04:00:00Z,85772,48.392795
47.23,48.74,46.1997,1510,46.43,2022-05-12T04:00:00Z,53013,47.374136
47.83,49.29,47.62,1556,47.95,2022-05-13T04:00:00Z,56540,48.25601
47.22,48.54,46.67,1539,47.5,2022-05-16T04:00:00Z,56080,47.591921
49.16,49.295,47.395,2147,48.16,2022-05-17T04:00:00Z,79307,48.510165
45.59,48.72,45.43,1206,48.34,2022-05-18T04:00:00Z,50788,46.357152
47.08,47.5,45.18,2266,45.28,2022-05-19T04:00:00Z,81223,46.773291
44.66,47.3,44.525,1352,47.3,2022-05-20T04:00:00Z,51034,45.40648
43.39,45.785,43.23,1922,45.48,2022-05-23T04:00:00Z,79151,43.578281
43.42,43.93,42.47,1535,42.98,2022-05-24T04:00:00Z,78817,43.257827
44.59,44.91,43.02,1114,43.02,2022-05-25T04:00:00Z,40326,44.353087
46.9,47.36,45.1,1518,45.815,2022-05-26T04:00:00Z,59635,46.491282
48.99,49.17,47.37,1684,47.37,2022-05-27T04:00:00Z,55363,48.855222
48.42,48.905,48.12,1419,48.65,2022-05-31T04:00:00Z,92511,48.431571
49.17,49.37,47.885,1588,48.64,2022-06-01T04:00:00Z,88348,48.684656
51.05,52.2,49.22,1927,49.22,2022-06-02T04:00:00Z,76543,50.801182
50.22,52.55,49.96,1370,50.53,2022-06-03T04:00:00Z,56164,50.594169
50.23,50.68,49.56,1571,50.43,2022-06-06T04:00:00Z,54367,50.117835
50.8,50.84,49.67,1897,49.67,2022-06-07T04:00:00Z,53928,50.493747
49.66,51.43,49.23,1796,50.22,2022-06-08T04:00:00Z,46913,49.69415
48.74,49.2,48.57,1233,48.7,2022-06-09T04:00:00Z,33913,48.857215
47.3,47.96,46.46,1258,47.96,2022-06-10T04:00:00Z,35774,47.296163
46.52,47.17,45.71,2104,45.97,2022-06-13T04:00:00Z,105686,46.497228
45.99,47.91,45.55,1818,46.47,2022-06-14T04:00:00Z,114754,46.749497
46.55,47.44,44.9525,1668,46.73,2022-06-15T04:00:00Z,91151,46.346362
43.47,46.09,43.13,1832,45.9,2022-06-16T04:00:00Z,78516,44.710533
41.97,43.47,41.15,2529,43.36,2022-06-17T04:00:00Z,202954,42.279891
41.0,43.1025,40.61,2186,42.39,2022-06-21T04:00:00Z,103900,41.076777
39.83,41.3,39.31,1555,39.96,2022-06-22T04:00:00Z,83740,40.095666
40.97,41.1,39.66,2104,40.3,2022-06-23T04:00:00Z,106012,40.571241
40.53,41.625,39.06,3456,41.02,2022-06-24T04:00:00Z,251342,40.264417
39.87,40.81,38.04,3029,40.74,2022-06-27T04:00:00Z,203160,39.223784
40.975,41.5,40.0,2228,40.24,2022-06-28T04:00:00Z,159346,40.662272
43.81,44.2881,41.25,3489,41.3,2022-06-29T04:00:00Z,210291,43.38895
44.51,45.0,42.67,3996,43.12,2022-06-30T04:00:00Z,252220,44.115676
44.47,45.48,43.51,1445,44.4,2022-07-01T04:00:00Z,48886,44.615884
45.23,45.33,43.03,1453,43.87,2022-07-05T04:00:00Z,49350,44.856426
47.35,47.75,45.07,1606,45.54,2022-07-06T04:00:00Z,74478,47.074846
45.44,48.47,45.33,1657,47.57,2022-07-07T04:00:00Z,48529,46.371033
47.58,47.99,45.18,1975,45.29,2022-07-08T04:00:00Z,73164,47.078366
46.08,46.93,45.41,1239,46.93,2022-07-11T04:00:00Z,43092,45.985318
45.09,46.34,45.01,1006,45.84,2022-07-12T04:00:00Z,34058,45.503769
44.08,44.41,43.39,929,44.36,2022-07-13T04:00:00Z,27290,43.965261
42.21,43.27,41.98,648,43.27,2022-07-14T04:00:00Z,21439,42.295004
44.42,44.74,42.75,864,43.44,2022-07-15T04:00:00Z,44090,43.999757
43.91,44.95,43.85,888,44.75,2022-07-18T04:00:00Z,27867,44.279285
46.93,47.1,44.58,1416,44.93,2022-07-19T04:00:00Z,54726,46.400704
47.43,48.13,47.19,1391,47.19,2022-07-20T04:00:00Z,74332,47.612704
47.31,47.33,45.52,700,46.95,2022-07-21T04:00:00Z,35637,46.648128
47.79,47.88,46.9,1133,47.47,2022-07-22T04:00:00Z,43215,47.367597
46.7,47.66,46.455,1220,47.66,2022-07-25T04:00:00Z,46616,46.933078
44.6,46.74,44.41,1080,46.7,2022-07-26T04:00:00Z,41112,45.024534
46.3,46.7,44.8,709,44.95,2022-07-27T04:00:00Z,38803,46.2032
46.33,46.48,45.31,850,46.28,2022-07-28T04:00:00Z,24628,46.101434
46.27,46.49,45.52,748,45.73,2022-07-29T04:00:00Z,26577,46.166091
46.64,46.75,45.97,1002,46.07,2022-08-01T04:00:00Z,29371,46.478083
45.81,47.095,45.63,679,46.74,2022-08-02T04:00:00Z,22928,46.249575
46.29,46.485,45.33,1200,45.64,2022-08-03T04:00:00Z,20436,45.978835
45.49,46.04,44.76,1111,46.04,2022-08-04T04:00:00Z,25712,45.49296
45.38,45.76,44.7,1235,44.85,2022-08-05T04:00:00Z,36439,45.384295
46.88,47.26,45.81,1117,45.81,2022-08-08T04:00:00Z,68661,46.811555
50.53,53.21,47.0,1229,47.35,2022-08-09T04:00:00Z,83744,50.540051
52.78,52.89,50.1491,1552,51.72,2022-08-10T04:00:00Z,35933,51.992865
51.89,53.75,51.74,1445,52.59,2022-08-11T04:00:00Z,42529,52.379561
51.51,52.05,50.81,1223,52.05,2022-08-12T04:00:00Z,35859,51.41418
52.22,52.265,50.86,1056,51.535,2022-08-15T04:00:00Z,28195,51.780777
53.94,54.09,51.54,1245,52.28,2022-08-16T04:00:00Z,30016,53.339294
54.06,54.3,51.63,1018,53.13,2022-08-17T04:00:00Z,27196,53.482829
53.61,54.53,52.835,1251,53.9,2022-08-18T04:00:00Z,31495,53.741061
52.47,53.07,51.47,827,53.07,2022-08-19T04:00:00Z,23506,52.484025
51.98,52.31,51.26,1495,51.74,2022-08-22T04:00:00Z,38378,51.836448
49.79,52.2,49.785,781,52.2,2022-08-23T04:00:00Z,25177,50.23618
50.39,51.53,49.43,942,49.9,2022-08-24T04:00:00Z,27787,50.481815
51.93,52.03,49.74,934,50.57,2022-08-25T04:00:00Z,31353,51.234691
49.5,52.19,49.5,1080,51.305,2022-08-26T04:00:00Z,30012,50.325003
48.17,50.465,47.76,827,47.76,2022-08-29T04:00:00Z,22584,48.443653
47.49,48.5,46.91,1047,48.18,2022-08-30T04:00:00Z,22877,47.486234
46.99,47.53,46.48,1815,47.35,2022-08-31T04:00:00Z,184419,46.996612
46.0,46.715,45.27,1403,46.39,2022-09-01T04:00:00Z,30243,45.863923
44.81,46.05,44.52,744,46.05,2022-09-02T04:00:00Z,22509,45.271052
44.19,45.29,44.19,1040,45.29,2022-09-06T04:00:00Z,18626,44.537562
44.22,46.7,43.62,1242,44.11,2022-09-07T04:00:00Z,39480,44.169377
44.13,44.77,43.77,625,44.43,2022-09-08T04:00:00Z,24022,44.201674
44.68,44.9,44.26,915,44.49,2022-09-09T04:00:00Z,31821,44.575958
45.18,45.49,43.91,540,44.85,2022-09-12T04:00:00Z,17971,45.004278
43.36,44.93,43.03,1087,44.08,2022-09-13T04:00:00Z,38264,43.757819
43.19,43.87,43.02,713,43.11,2022-09-14T04:00:00Z,31433,43.354233
42.29,44.09,42.07,1032,42.97,2022-09-15T04:00:00Z,33582,42.688863
40.18,42.79,40.05,1170,41.9,2022-09-16T04:00:00Z,61199,40.731679
40.04,40.76,39.47,1062,39.97,2022-09-19T04:00:00Z,59959,40.098817
39.49,39.72,39.005,690,39.32,2022-09-20T04:00:00Z,19165,39.387678
39.61,40.38,39.385,778,39.49,2022-09-21T04:00:00Z,39982,39.787715
39.92,40.11,38.96,627,39.54,2022-09-22T04:00:00Z,24004,39.736921
39.72,40.0,39.09,680,39.23,2022-09-23T04:00:00Z,30604,39.594623
39.9,40.2,38.18,858,38.18,2022-09-26T04:00:00Z,36785,39.675994
39.85,40.445,39.3,1142,40.16,2022-09-27T04:00:00Z,41459,39.703183
41.0,41.18,39.87,1226,39.98,2022-09-28T04:00:00Z,63156,40.542434
39.42,40.33,39.17,1139,40.33,2022-09-29T04:00:00Z,34867,39.437504
37.41,40.3,37.34,928,40.3,2022-09-30T04:00:00Z,50660,37.959531
38.4,38.4,37.057,1092,37.46,2022-10-03T04:00:00Z,50469,38.032978
40.28,40.5,38.66,933,38.66,2022-10-04T04:00:00Z,52190,40.151697
40.54,40.94,39.825,634,40.0,2022-10-05T04:00:00Z,27708,40.416581
40.56,41.5,40.25,725,40.55,2022-10-06T04:00:00Z,39512,40.72211
40.09,40.73,39.73,1036,40.06,2022-10-07T04:00:00Z,50810,40.10718
40.59,40.59,39.34,1190,40.23,2022-10-10T04:00:00Z,33914,40.211657
40.23,41.775,39.89,989,40.1,2022-10-11T04:00:00Z,72308,40.497451
41.46,41.96,39.81,1051,39.81,2022-10-12T04:00:00Z,50117,41.333659
43.78,44.42,40.57,1083,40.57,2022-10-13T04:00:00Z,63000,43.04293
43.54,44.94,43.33,1080,43.84,2022-10-14T04:00:00Z,51670,43.802
45.22,46.02,44.46,994,44.46,2022-10-17T04:00:00Z,48037,45.184305
45.53,46.55,45.01,773,45.92,2022-10-18T04:00:00Z,36483,45.837282
46.75,46.925,45.39,1155,46.38,2022-10-19T04:00:00Z,44487,46.455668
44.43,47.35,44.16,779,46.69,2022-10-20T04:00:00Z,47318,45.470615
46.71,47.03,44.38,968,44.82,2022-10-21T04:00:00Z,36557,45.981821
45.72,47.15,45.43,788,46.49,2022-10-24T04:00:00Z,26391,46.20177
45.06,45.69,44.98,898,45.59,2022-10-25T04:00:00Z,32131,45.297625
43.75,45.36,43.75,728,44.88,2022-10-26T04:00:00Z,25955,44.473197
43.39,44.65,43.23,693,44.09,2022-10-27T04:00:00Z,26497,43.731983
44.95,45.155,43.57,1026,43.89,2022-10-28T04:00:00Z,40916,44.711314
44.95,45.25,44.3,818,44.53,2022-10-31T04:00:00Z,74077,44.927662
44.46,45.41,44.27,1210,45.25,2022-11-01T04:00:00Z,29666,44.63875
42.04,44.46,42.04,1139,44.46,2022-11-02T04:00:00Z,39027,42.819305
42.07,42.48,40.94,828,41.51,2022-11-03T04:00:00Z,28250,41.825279
33.35,42.495,32.51,1973,42.44,2022-11-04T04:00:00Z,122482,35.395186
33.01,33.6,30.05,2258,33.6,2022-11-07T05:00:00Z,111289,31.967466
33.65,34.53,32.0182,1523,32.26,2022-11-08T05:00:00Z,66419,33.422746
32.23,33.65,32.15,1241,33.65,2022-11-09T05:00:00Z,65624,32.727999
35.63,35.81,33.4,1610,33.4,2022-11-10T05:00:00Z,61709,35.205688
35.87,37.4,35.49,1018,35.63,2022-11-11T05:00:00Z,40373,36.100776
33.43,35.65,33.43,716,35.6,2022-11-14T05:00:00Z,36816,34.578943
32.82,35.7223,32.565,700,34.07,2022-11-15T05:00:00Z,39585,33.136823
31.99,32.34,31.5,842,32.34,2022-11-16T05:00:00Z,31318,31.936661
31.99,32.53,31.12,978,31.7,2022-11-17T05:00:00Z,44443,31.871749
30.81,33.07,30.5501,688,32.68,2022-11-18T05:00:00Z,39038,31.731783
30.1,31.07,29.215,868,31.07,2022-11-21T05:00:00Z,41532,30.081508
31.67,31.96,30.11,952,30.11,2022-11-22T05:00:00Z,27669,31.397128
32.44,32.63,30.54,528,30.55,2022-11-23T05:00:00Z,25459,31.99729
31.1,33.45,31.1,566,33.22,2022-11-25T05:00:00Z,18705,32.339581
29.26,30.92,28.88,895,30.78,2022-11-28T05:00:00Z,38968,29.41777
28.26,29.87,28.01,977,29.33,2022-11-29T05:00:00Z,47496,28.599447
30.7,31.4538,28.1,1486,28.1,2022-11-30T05:00:00Z,126148,30.365656
31.03,31.91,30.63,1429,30.64,2022-12-01T05:00:00Z,48760,31.171051
31.33,31.65,30.39,782,30.59,2022-12-02T05:00:00Z,27002,31.21585
30.74,32.28,30.51,824,31.17,2022-12-05T05:00:00Z,37914,31.036491
30.27,30.61,29.325,919,30.61,2022-12-06T05:00:00Z,43810,30.134649
30.31,30.46,29.8,731,30.15,2022-12-07T05:00:00Z,32078,30.241219
31.65,32.43,30.41,1132,30.41,2022-12-08T05:00:00Z,34427,31.690226
31.67,32.15,30.78,591,31.41,2022-12-09T05:00:00Z,25392,31.717344
33.1,33.26,31.75,1408,31.75,2022-12-12T05:00:00Z,134289,32.738152
32.6,35.49,32.43,1074,34.66,2022-12-13T05:00:00Z,35175,33.005615
32.15,33.0,31.875,709,33.0,2022-12-14T05:00:00Z,28401,32.222468
31.27,31.95,31.175,696,31.75,2022-12-15T05:00:00Z,26032,31.388107
31.0,31.65,30.75,686,30.77,2022-12-16T05:00:00Z,65654,30.916049
31.07,31.2,29.22,1431,30.545,2022-12-19T05:00:00Z,51561,30.683231
31.9,32.32,31.16,1208,31.16,2022-12-20T05:00:00Z,34724,31.888006
32.02,33.18,31.78,1000,32.47,2022-12-21T05:00:00Z,40842,32.108521
31.99,32.15,31.19,876,31.59,2022-12-22T05:00:00Z,47808,31.683752
32.27,32.43,31.72,984,31.91,2022-12-23T05:00:00Z,26677,32.128169
32.0,32.53,31.78,581,32.53,2022-12-27T05:00:00Z,22821,32.029456
31.74,32.27,31.5,761,32.06,2022-12-28T05:00:00Z,22106,31.742709
33.75,33.89,31.8639,1020,31.8639,2022-12-29T05:00:00Z,33514,33.464892
33.92,34.66,33.29,1074,33.29,2022-12-30T05:00:00Z,32660,34.059451
33.25,34.8,32.64,1342,34.52,2023-01-03T05:00:00Z,31600,33.330943
34.36,34.71,32.935,1241,33.54,2023-01-04T05:00:00Z,38235,34.203797
32.06,34.37,32.02,925,34.24,2023-01-05T05:00:00Z,46122,32.820997
33.06,33.4,31.61,1188,32.7,2023-01-06T05:00:00Z,52422,32.496042
36.95,38.0,33.15,1623,33.15,2023-01-09T05:00:00Z,94622,36.783528
33.9,37.3,33.87,1312,36.95,2023-01-10T05:00:00Z,71809,34.968626
32.72,34.28,32.125,941,33.53,2023-01-11T05:00:00Z,37696,32.820455
32.51,32.89,30.79,1269,32.72,2023-01-12T05:00:00Z,53137,31.845462
34.38,34.42,32.5,936,32.5,2023-01-13T05:00:00Z,44925,33.783346
33.7,35.13,33.405,1229,34.34,2023-01-17T05:00:00Z,52170,33.906869
33.66,34.4,33.015,606,34.15,2023-01-18T05:00:00Z,28535,33.582501
34.78,34.86,33.06,1015,33.46,2023-01-19T05:00:00Z,44117,34.215154
35.03,35.655,34.53,1167,35.1,2023-01-20T05:00:00Z,46096,35.060105
36.33,36.34,34.75,1187,35.01,2023-01-23T05:00:00Z,33329,35.949684
35.7,36.95,35.41,963,35.67,2023-01-24T05:00:00Z,37388,35.98552
34.66,35.65,34.3801,966,35.65,2023-01-25T05:00:00Z,29111,34.810922
33.82,34.79,33.56,663,34.71,2023-01-26T05:00:00Z,26506,33.900785
33.09,34.06,32.4801,1283,33.87,2023-01-27T05:00:00Z,64533,33.381543
32.29,33.35,31.29,1690,32.45,2023-01-30T05:00:00Z,62359,32.270515
33.17,33.96,32.41,1169,32.41,2023-01-31T05:00:00Z,124084,33.171321
33.5,33.59,32.2625,2709,33.28,2023-02-01T05:00:00Z,134056,33.24862
34.48,35.99,33.66,2776,34.11,2023-02-02T05:00:00Z,175723,34.666872
36.3,36.62,34.135,1494,34.15,2023-02-03T05:00:00Z,74746,35.882164
34.33,36.79,34.24,1564,35.82,2023-02-06T05:00:00Z,67580,34.989891
33.77,34.4,32.92,988,34.1,2023-02-07T05:00:00Z,46687,33.819618
33.55,33.84,33.06,745,33.23,2023-02-08T05:00:00Z,44507,33.406506
32.66,35.33,32.66,928,34.27,2023-02-09T05:00:00Z,50537,33.727207
33.32,33.45,31.6216,1511,32.62,2023-02-10T05:00:00Z,68151,32.633524
33.89,34.75,32.98,1159,33.0794,2023-02-13T05:00:00Z,45920,33.980793
33.84,34.44,33.25,1206,33.25,2023-02-14T05:00:00Z,46691,33.997895
35.99,36.13,33.315,970,33.7,2023-02-15T05:00:00Z,55090,35.248032
33.17,35.66,33.15,1524,35.12,2023-02-16T05:00:00Z,73574,33.980985
30.28,33.38,29.84,1211,33.38,2023-02-17T05:00:00Z,62460,31.100745
29.59,30.05,28.8695,2017,29.81,2023-02-21T05:00:00Z,122463,29.724866
25.64,29.59,25.6,2156,29.42,2023-02-22T05:00:00Z,135645,26.443989
25.08,26.81,25.0,2184,26.15,2023-02-23T05:00:00Z,123922,25.630213
24.24,24.85,23.47,2061,24.85,2023-02-24T05:00:00Z,166046,24.242709
23.39,24.43,23.2,2388,24.43,2023-02-27T05:00:00Z,124696,23.468677
23.12,23.82,22.91,2439,23.2,2023-02-28T05:00:00Z,141125,23.30138
21.66,23.86,21.58,2393,23.21,2023-03-01T05:00:00Z,148685,22.599315
21.75,22.07,20.88,2699,21.36,2023-03-02T05:00:00Z,160112,21.630926
23.9,24.05,21.87,2031,21.96,2023-03-03T05:00:00Z,156165,22.655083
23.07,24.35,22.97,1856,23.76,2023-03-06T05:00:00Z,84010,23.241919
22.53,23.305,22.22,1119,23.14,2023-03-07T05:00:00Z,51374,22.505372
23.53,23.59,22.35,1097,22.63,2023-03-08T05:00:00Z,37738,23.201712
23.17,23.7,22.72,1149,23.34,2023-03-09T05:00:00Z,62430,23.159518
22.55,23.05,22.19,1490,23.05,2023-03-10T05:00:00Z,79368,22.578151
23.16,23.58,22.01,2064,22.27,2023-03-13T04:00:00Z,89573,23.006957
22.66,23.57,22.23,1743,23.57,2023-03-14T04:00:00Z,113275,22.648732
24.12,24.18,22.035,1474,22.25,2023-03-15T04:00:00Z,65703,23.502974
23.86,25.02,23.73,2194,23.96,2023-03-16T04:00:00Z,74551,24.113125
22.85,23.93,22.85,1429,23.68,2023-03-17T04:00:00Z,123463,23.167749
22.36,22.97,22.18,1802,22.97,2023-03-20T04:00:00Z,80451,22.435504
23.28,23.38,22.18,1377,22.62,2023-03-21T04:00:00Z,49554,23.145219
23.26,24.27,23.13,1057,23.29,2023-03-22T04:00:00Z,47348,23.481104
24.34,24.47,23.41,1870,23.41,2023-03-23T04:00:00Z,53216,24.163435
24.79,25.55,24.31,1439,24.31,2023-03-24T04:00:00Z,49200,24.906732
23.36,24.99,23.23,2040,24.87,2023-03-27T04:00:00Z,88624,23.606281
20.95,23.26,20.79,1995,23.26,2023-03-28T04:00:00Z,68944,21.282814
19.37,21.12,19.05,3021,20.98,2023-03-29T04:00:00Z,130091,19.589
18.72,19.72,18.0,3567,19.52,2023-03-30T04:00:00Z,166752,18.554091
19.45,19.49,18.475,2544,18.69,2023-03-31T04:00:00Z,127035,19.092737
17.9,19.8394,17.75,3571,19.23,2023-04-03T04:00:00Z,115178,18.253297
17.02,17.9,16.03,3256,17.9,2023-04-04T04:00:00Z,179560,16.786974
16.79,17.09,16.5,1615,17.04,2023-04-05T04:00:00Z,77254,16.735643
17.1,17.16,16.41,1790,16.57,2023-04-06T04:00:00Z,92753,16.799334
17.28,17.86,16.79,1233,17.0,2023-04-10T04:00:00Z,70701,17.344987
18.05,18.15,17.21,1793,17.3,2023-04-11T04:00:00Z,68340,17.737502
18.24,18.36,18.0,1861,18.14,2023-04-12T04:00:00Z,71035,18.138551
19.64,20.11,18.29,1694,18.38,2023-04-13T04:00:00Z,76512,19.647794
19.12,19.59,18.52,2758,19.59,2023-04-14T04:00:00Z,115688,19.174464
19.29,19.43,18.61,1318,19.03,2023-04-17T04:00:00Z,49829,19.185245
20.52,20.63,19.3,1297,19.45,2023-04-18T04:00:00Z,51869,20.16128
20.49,21.2188,20.0,1541,20.32,2023-04-19T04:00:00Z,68509,20.52385
20.83,20.9,19.83,1241,20.37,2023-04-20T04:00:00Z,62490,20.489361
22.2,22.41,20.755,2029,20.8,2023-04-21T04:00:00Z,112647,21.621712
22.03,22.75,21.13,1699,22.19,2023-04-24T04:00:00Z,57296,21.945289
22.11,23.09,21.7,1674,21.9,2023-04-25T04:00:00Z,58614,22.365497
22.57,22.69,21.15,1737,22.32,2023-04-26T04:00:00Z,75921,22.319598
23.54,23.95,22.53,1604,22.62,2023-04-27T04:00:00Z,70983,23.436735
22.39,23.72,22.31,1744,23.56,2023-04-28T04:00:00Z,54884,22.934785
21.61,22.49,20.61,1268,22.4,2023-05-01T04:00:00Z,56400,21.477301
22.11,22.345,20.81,2391,21.66,2023-05-02T04:00:00Z,78325,21.745544
22.41,23.81,21.9,1532,22.14,2023-05-03T04:00:00Z,72332,22.652685
22.78,23.11,22.29,1442,22.29,2023-05-04T04:00:00Z,60017,22.768471
27.41,28.8,23.2925,3822,23.59,2023-05-05T04:00:00Z,214158,27.031912
26.85,27.94,26.3,3132,27.45,2023-05-08T04:00:00Z,132830,26.817388
24.06,26.51,17.66,8762,26.51,2023-05-09T04:00:00Z,632138,21.538622
27.32,32.3,24.25,11502,24.25,2023-05-10T04:00:00Z,691109,29.42056
26.2,31.4,26.0,5316,27.67,2023-05-11T04:00:00Z,331231,28.719509
24.46,26.44,24.28,4422,26.14,2023-05-12T04:00:00Z,163180,24.664019
26.66,26.96,24.43,2164,24.43,2023-05-15T04:00:00Z,78719,26.412611
26.67,26.74,24.9,2238,26.62,2023-05-16T04:00:00Z,91308,26.235761
28.82,28.9,26.81,2696,26.81,2023-05-17T04:00:00Z,101893,28.351333
30.76,31.1,28.36,3284,28.88,2023-05-18T04:00:00Z,130591,30.101717
30.7,31.42,30.09,1977,31.42,2023-05-19T04:00:00Z,77376,30.785147
30.55,31.33,30.09,2197,30.4,2023-05-22T04:00:00Z,53042,30.792775
30.26,31.89,30.1,1714,30.6,2023-05-23T04:00:00Z,67679,30.746053
29.81,30.05,28.87,2216,29.77,2023-05-24T04:00:00Z,48162,29.656677
31.07,31.155,30.06,1491,30.06,2023-05-25T04:00:00Z,48904,30.717654
31.64,32.695,30.855,2025,30.94,2023-05-26T04:00:00Z,70680,31.883133
32.31,33.16,31.795,2217,31.91,2023-05-30T04:00:00Z,60584,32.23579
31.1,32.8,30.47,2849,32.15,2023-05-31T04:00:00Z,326104,31.099648
30.74,31.41,30.43,2281,30.82,2023-06-01T04:00:00Z,78134,30.888404
32.18,32.195,30.915,3908,31.14,2023-06-02T04:00:00Z,94572,31.928402
30.81,31.9,30.69,1523,31.9,2023-06-05T04:00:00Z,43241,31.334785
30.71,31.59,30.51,2494,30.7,2023-06-06T04:00:00Z,58065,30.905117
30.42,31.64,29.76,1948,30.97,2023-06-07T04:00:00Z,60732,30.548132
30.72,30.94,29.7,1568,30.49,2023-06-08T04:00:00Z,39968,30.52963
30.8,31.22,30.085,1430,30.66,2023-06-09T04:00:00Z,36885,30.707455
32.31,32.7999,30.8,1168,31.1,2023-06-12T04:00:00Z,37660,32.296083
32.8,33.44,32.48,1250,32.69,2023-06-13T04:00:00Z,51957,32.894756
29.96,32.95,29.87,1333,32.92,2023-06-14T04:00:00Z,46124,30.704975
29.43,31.36,29.2,1702,29.53,2023-06-15T04:00:00Z,57462,29.67258
31.39,31.39,29.39,2234,29.91,2023-06-16T04:00:00Z,76403,30.663822
30.88,33.0,30.77,2369,31.49,2023-06-20T04:00:00Z,84826,31.886075
28.31,30.83,28.31,1724,30.82,2023-06-21T04:00:00Z,41469,28.960349
27.96,28.44,27.1,2110,28.1,2023-06-22T04:00:00Z,52097,27.778876
28.0,28.855,27.41,1750,27.41,2023-06-23T04:00:00Z,281852,27.990949
25.09,28.32,24.7101,1937,27.92,2023-06-26T04:00:00Z,99368,25.634542
25.09,25.34,24.1,2082,25.17,2023-06-27T04:00:00Z,74384,24.934217
25.16,26.01,24.41,3493,24.99,2023-06-28T04:00:00Z,181604,25.055543
26.78,26.9,25.23,1175,25.23,2023-06-29T04:00:00Z,41739,26.485195
27.74,28.24,26.87,1159,26.98,2023-06-30T04:00:00Z,53733,27.72427
28.68,28.83,27.72,1013,27.72,2023-07-03T04:00:00Z,32402,28.488618
28.77,29.1522,28.37,2207,28.5,2023-07-05T04:00:00Z,59919,28.753973
29.88,30.0,28.2701,2174,28.71,2023-07-06T04:00:00Z,75264,29.420061
30.87,30.96,29.475,1986,29.67,2023-07-07T04:00:00Z,95418,30.606829
29.51,31.0,29.2625,1239,30.84,2023-07-10T04:00:00Z,51346,30.067104
30.1,30.24,29.04,1059,29.53,2023-07-11T04:00:00Z,32758,29.924822
29.9,30.56,29.47,1517,30.51,2023-07-12T04:00:00Z,40635,29.876093
29.89,30.52,29.635,1133,30.0,2023-07-13T04:00:00Z,32334,30.059354
29.86,30.26,29.61,734,29.87,2023-07-14T04:00:00Z,23084,29.934933
30.48,30.92,29.79,911,29.945,2023-07-17T04:00:00Z,28928,30.438082
30.07,30.685,29.42,1021,30.55,2023-07-18T04:00:00Z,27502,30.214148
29.99,30.8,29.61,1112,30.14,2023-07-19T04:00:00Z,37567,30.185766
28.14,29.63,27.49,935,29.63,2023-07-20T04:00:00Z,22006,28.152941
27.69,28.38,27.21,1066,28.28,2023-07-21T04:00:00Z,24692,27.971156
28.37,28.9,27.24,1254,27.69,2023-07-24T04:00:00Z,40457,28.297099
28.28,28.555,27.905,735,28.41,2023-07-25T04:00:00Z,30108,28.126055
28.72,29.39,28.07,920,28.07,2023-07-26T04:00:00Z,29421,28.824199
28.72,29.42,28.46,1127,29.16,2023-07-27T04:00:00Z,31954,28.869565
28.87,29.2,28.42,931,29.04,2023-07-28T04:00:00Z,25994,28.834951
30.89,31.18,29.04,922,29.04,2023-07-31T04:00:00Z,27812,30.542355
30.7,31.62,29.96,1568,30.77,2023-08-01T04:00:00Z,51678,30.996157
26.99,30.44,26.5,1667,30.23,2023-08-02T04:00:00Z,53766,27.530092
26.33,27.25,25.43,1278,26.51,2023-08-03T04:00:00Z,37201,26.154388
24.09,26.45,23.75,1004,25.95,2023-08-04T04:00:00Z,41953,24.735823
23.43,24.27,23.278,1595,24.19,2023-08-07T04:00:00Z,69887,23.505639
21.15,23.18,21.0,1565,22.99,2023-08-08T04:00:00Z,52388,21.618376
20.53,21.325,20.42,1904,20.99,2023-08-09T04:00:00Z,76805,20.77148
20.7,20.98,20.18,1514,20.51,2023-08-10T04:00:00Z,46722,20.615606
20.48,20.87,20.1,1012,20.26,2023-08-11T04:00:00Z,26781,20.405958
20.91,21.03,20.18,662,20.31,2023-08-14T04:00:00Z,19768,20.730143
20.77,21.095,20.57,1035,20.88,2023-08-15T04:00:00Z,31325,20.742232
21.42,21.65,20.47,1058,20.87,2023-08-16T04:00:00Z,32572,21.240734
19.51,21.45,18.9147,1830,21.45,2023-08-17T04:00:00Z,90561,19.511035
20.12,20.4799,19.04,1515,19.08,2023-08-18T04:00:00Z,44419,19.884231
20.74,20.835,19.55,1334,20.16,2023-08-21T04:00:00Z,35852,20.533766
21.27,21.65,20.73,1270,20.965,2023-08-22T04:00:00Z,39933,21.196731
23.09,23.13,21.43,1608,21.592,2023-08-23T04:00:00Z,48391,22.425986
24.47,24.6,22.47,1820,23.36,2023-08-24T04:00:00Z,72553,24.100214
22.74,24.6,22.59,1820,24.6,2023-08-25T04:00:00Z,76594,23.827196
22.67,23.21,22.0,1163,22.83,2023-08-28T04:00:00Z,27174,22.621247
23.89,23.89,22.39,955,22.74,2023-08-29T04:00:00Z,35996,23.588826
23.75,24.17,23.635,890,23.93,2023-08-30T04:00:00Z,22612,23.804577
23.65,24.4782,23.39,1048,23.9,2023-08-31T04:00:00Z,51961,23.809025
24.51,24.62,23.5475,1143,23.81,2023-09-01T04:00:00Z,46069,24.30927
21.62,24.4,21.22,1119,24.4,2023-09-05T04:00:00Z,42383,21.894856
20.29,21.425,19.39,1367,21.2129,2023-09-06T04:00:00Z,50601,20.278988
19.78,20.73,19.64,1304,19.92,2023-09-07T04:00:00Z,55921,20.011173
20.1,20.27,19.41,826,19.96,2023-09-08T04:00:00Z,25661,19.990339
20.55,20.872,19.79,1005,20.57,2023-09-11T04:00:00Z,18697,20.46508
20.96,21.06,20.27,910,20.27,2023-09-12T04:00:00Z,27090,20.811978
21.91,22.78,20.97,1511,21.01,2023-09-13T04:00:00Z,39795,21.999324
22.77,22.85,21.81,908,22.03,2023-09-14T04:00:00Z,28565,22.48862
23.16,23.41,21.93,1166,22.86,2023-09-15T04:00:00Z,53931,22.934294
22.36,23.36,22.36,1130,23.3,2023-09-18T04:00:00Z,24973,22.682844
20.52,22.83,20.08,753,22.67,2023-09-19T04:00:00Z,26526,20.895735
19.66,20.45,19.435,1222,20.38,2023-09-20T04:00:00Z,46435,19.759371
19.55,19.76,19.04,1022,19.37,2023-09-21T04:00:00Z,30729,19.429629
19.76,20.16,19.05,1243,19.55,2023-09-22T04:00:00Z,44207,19.5495
19.42,20.11,19.0,1591,19.82,2023-09-25T04:00:00Z,48832,19.304554
19.26,19.35,18.845,1231,19.27,2023-09-26T04:00:00Z,66156,19.046826
19.11,19.49,18.77,1137,18.92,2023-09-27T04:00:00Z,30796,19.143722
19.99,20.27,19.3,1060,19.36,2023-09-28T04:00:00Z,34097,19.834911
20.41,20.92,20.04,796,20.34,2023-09-29T04:00:00Z,23507,20.377495
19.81,20.21,19.37,929,20.14,2023-10-02T04:00:00Z,20495,19.750699
19.23,19.92,19.03,1125,19.55,2023-10-03T04:00:00Z,28382,19.372548
19.03,19.66,18.93,1387,19.5,2023-10-04T04:00:00Z,50688,19.180649
19.7,19.84,18.25,1568,19.1,2023-10-05T04:00:00Z,60197,18.866026
19.67,20.29,19.33,676,19.52,2023-10-06T04:00:00Z,29890,19.674393
19.72,20.15,19.6302,836,19.74,2023-10-09T04:00:00Z,26396,19.870736
21.1,21.56,20.5,974,20.5,2023-10-10T04:00:00Z,35676,21.09783
20.58,21.06,19.89,840,21.06,2023-10-11T04:00:00Z,37516,20.345277
20.14,20.55,19.8,604,20.55,2023-10-12T04:00:00Z,32244,20.162017
20.19,20.42,19.62,848,20.17,2023-10-13T04:00:00Z,30004,20.175175
20.76,21.04,20.25,735,20.25,2023-10-16T04:00:00Z,21460,20.735568
20.6,21.3,19.73,1107,20.54,2023-10-17T04:00:00Z,62108,20.568624
20.05,20.705,19.64,993,20.23,2023-10-18T04:00:00Z,39702,20.094668
20.25,21.0,19.9,1021,20.22,2023-10-19T04:00:00Z,47604,20.474642
19.04,20.72,18.87,1208,20.33,2023-10-20T04:00:00Z,66863,19.72632
19.49,19.76,18.9,917,19.23,2023-10-23T04:00:00Z,32342,19.483583
19.15,19.935,18.6,1041,19.695,2023-10-24T04:00:00Z,45319,19.24459
18.04,18.99,17.84,1184,18.81,2023-10-25T04:00:00Z,51181,18.177264
17.35,18.17,17.05,1270,18.17,2023-10-26T04:00:00Z,69733,17.379044
16.69,17.16,16.24,1413,16.94,2023-10-27T04:00:00Z,58832,16.679879
16.82,16.99,16.2,770,16.78,2023-10-30T04:00:00Z,31730,16.695684
16.89,17.26,16.66,989,16.76,2023-10-31T04:00:00Z,45596,16.998691
15.74,17.09,15.65,1575,16.8,2023-11-01T04:00:00Z,69182,16.107508
16.47,16.51,15.8,1308,15.81,2023-11-02T04:00:00Z,43361,16.321413
19.445,19.48,16.7,1514,16.92,2023-11-03T04:00:00Z,82135,18.846986
20.14,21.2,19.02,1562,19.76,2023-11-06T05:00:00Z,62446,19.935751
19.9,20.14,19.4601,701,19.64,2023-11-07T05:00:00Z,25324,19.828867
19.31,19.87,18.69,889,19.78,2023-11-08T05:00:00Z,27778,19.115535
19.01,19.34,18.7,921,19.34,2023-11-09T05:00:00Z,27005,18.985334
19.18,19.89,18.975,840,19.89,2023-11-10T05:00:00Z,31412,19.342549
20.17,20.33,18.8,1041,19.0,2023-11-13T05:00:00Z,36429,19.860752
20.5,21.41,19.9,1484,21.0,2023-11-14T05:00:00Z,71771,20.535739
21.12,21.56,20.5,1343,20.5,2023-11-15T05:00:00Z,46933,21.206477
20.89,21.16,20.6,1017,21.16,2023-11-16T05:00:00Z,25878,20.876724
21.07,21.36,20.81,601,21.14,2023-11-17T05:00:00Z,25960,21.097036
21.34,21.67,21.09,1326,21.36,2023-11-20T05:00:00Z,32984,21.385422
20.88,21.145,20.49,1198,21.03,2023-11-21T05:00:00Z,25030,20.842718
20.97,21.32,20.83,928,21.12,2023-11-22T05:00:00Z,24929,21.051051
20.45,21.005,20.34,247,20.78,2023-11-24T05:00:00Z,7239,20.552749
21.17,21.46,20.4,915,20.46,2023-11-27T05:00:00Z,21926,20.887888
21.89,22.33,20.81,1085,20.81,2023-11-28T05:00:00Z,34573,21.756935
21.54,22.68,21.17,1024,22.2,2023-11-29T05:00:00Z,40286,21.813987
21.21,21.465,20.96,672,21.465,2023-11-30T05:00:00Z,31558,21.188864
22.33,22.57,21.54,1062,21.635,2023-12-01T05:00:00Z,39501,22.226452
22.8,23.0,22.01,1243,22.01,2023-12-04T05:00:00Z,27247,22.746362
23.31,23.515,22.45,865,22.76,2023-12-05T05:00:00Z,26050,23.183313
23.38,24.44,23.1,1235,23.44,2023-12-06T05:00:00Z,29086,23.58542
24.6,24.6,23.65,749,23.75,2023-12-07T05:00:00Z,28004,24.327289
23.81,24.63,23.52,858,24.6,2023-12-08T05:00:00Z,36494,24.180247
24.06,24.51,23.44,899,23.84,2023-12-11T05:00:00Z,27539,24.075206
23.9,24.14,23.55,581,23.61,2023-12-12T05:00:00Z,12670,23.847964
24.86,25.0,23.33,1090,24.1,2023-12-13T05:00:00Z,58686,24.385229
25.74,26.35,24.98,1174,25.0,2023-12-14T05:00:00Z,53874,25.657609
25.11,26.04,24.47,1068,26.04,2023-12-15T05:00:00Z,66010,25.518547
24.35,25.19,23.86,613,25.12,2023-12-18T05:00:00Z,25319,24.49998
24.54,25.12,23.81,897,24.36,2023-12-19T05:00:00Z,49265,24.405031
23.85,25.395,23.68,1189,24.78,2023-12-20T05:00:00Z,50658,24.23305
23.98,25.075,23.515,751,24.01,2023-12-21T05:00:00Z,37573,23.940362
25.22,25.44,23.875,708,24.02,2023-12-22T05:00:00Z,28704,24.820936
25.43,25.74,24.52,573,24.76,2023-12-26T05:00:00Z,20641,25.157692
27.38,27.49,25.64,810,25.73,2023-12-27T05:00:00Z,28633,26.865507
27.95,28.66,26.0656,757,27.25,2023-12-28T05:00:00Z,30004,28.014726
27.0,28.37,26.73,826,27.56,2023-12-29T05:00:00Z,56009,27.057187
25.43,27.15,25.2388,1009,27.15,2024-01-02T05:00:00Z,30580,25.638701
23.81,25.99,23.66,1161,25.34,2024-01-03T05:00:00Z,39602,24.417681
24.23,25.3,23.3978,1194,23.8,2024-01-04T05:00:00Z,58246,24.320554
23.81,24.765,23.1501,961,24.08,2024-01-05T05:00:00Z,57754,23.866878
23.9,24.115,23.34,660,23.39,2024-01-08T05:00:00Z,16008,23.861679
22.14,23.41,22.06,547,23.41,2024-01-09T05:00:00Z,17689,22.455972
22.38,24.02,21.41,639,23.74,2024-01-10T05:00:00Z,23794,22.512076
21.58,23.065,21.31,731,22.19,2024-01-11T05:00:00Z,21028,21.690861
22.02,23.45,21.86,671,22.15,2024-01-12T05:00:00Z,27970,22.305928
21.44,21.58,21.0701,544,21.58,2024-01-16T05:00:00Z,22666,21.377936
22.35,22.38,20.73,678,20.81,2024-01-17T05:00:00Z,25451,21.527345
22.43,22.88,22.1537,1287,22.1537,2024-01-18T05:00:00Z,13517,22.507943
22.57,23.05,22.24,352,22.69,2024-01-19T05:00:00Z,13440,22.570342
23.8,24.03,22.73,553,22.75,2024-01-22T05:00:00Z,19292,23.607254
23.92,24.09,23.08,624,24.09,2024-01-23T05:00:00Z,14862,23.741218
23.05,24.52,22.85,636,24.47,2024-01-24T05:00:00Z,18027,23.383529
22.79,23.75,22.79,339,23.75,2024-01-25T05:00:00Z,9280,22.868344
23.52,23.72,22.52,406,23.17,2024-01-26T05:00:00Z,11479,23.348593
24.53,24.54,23.43,579,23.43,2024-01-29T05:00:00Z,15654,24.196941
24.49,24.9,24.06,438,24.12,2024-01-30T05:00:00Z,8219,24.452213
23.12,24.66,23.12,545,24.55,2024-01-31T05:00:00Z,18596,23.688779
23.32,23.95,22.4,676,23.315,2024-02-01T05:00:00Z,14297,23.244135
23.3,24.085,23.05,1011,23.16,2024-02-02T05:00:00Z,12891,23.323643
21.23,23.1,21.14,568,22.77,2024-02-05T05:00:00Z,19077,21.775128
21.33,22.11,20.72,660,22.11,2024-02-06T05:00:00Z,20196,21.321969
21.98,22.34,21.41,1181,21.5,2024-02-07T05:00:00Z,61924,21.83733
22.14,22.702,21.7,418,21.7,2024-02-08T05:00:00Z,15354,22.131189
22.36,22.78,21.88,804,21.98,2024-02-09T05:00:00Z,24691,22.246042
22.26,22.7,21.9,593,22.3,2024-02-12T05:00:00Z,22775,22.331714
20.21,21.94,20.005,540,21.44,2024-02-13T05:00:00Z,23656,20.496163
21.12,21.195,20.45,516,20.46,2024-02-14T05:00:00Z,15866,20.961413
22.31,22.31,20.94,738,21.135,2024-02-15T05:00:00Z,32987,21.628264
21.84,22.88,21.77,1087,22.4,2024-02-16T05:00:00Z,21879,22.233422
21.98,22.115,21.38,435,21.38,2024-02-20T05:00:00Z,14709,21.872814
21.72,22.5,21.45,552,22.17,2024-02-21T05:00:00Z,20434,21.767716
21.35,21.735,20.83,545,21.62,2024-02-22T05:00:00Z,17064,21.339134
20.49,21.9,20.19,920,21.9,2024-02-23T05:00:00Z,48045,20.901072
18.65,20.4862,18.23,1318,20.0,2024-02-26T05:00:00Z,87514,18.971711
18.78,19.2206,18.01,954,18.48,2024-02-27T05:00:00Z,57424,18.694974
18.99,19.18,18.31,858,18.31,2024-02-28T05:00:00Z,52938,18.954102
18.9,19.36,18.69,891,19.36,2024-02-29T05:00:00Z,84586,18.943963
18.6,18.88,18.13,842,18.8,2024-03-01T05:00:00Z,22376,18.590299
18.46,18.76,17.69,1273,18.62,2024-03-04T05:00:00Z,62806,18.144232
18.03,18.1,17.59,2268,18.03,2024-03-05T05:00:00Z,136232,17.968705
18.65,18.65,17.2,2223,18.14,2024-03-06T05:00:00Z,116146,18.144558
18.79,19.01,18.59,865,18.67,2024-03-07T05:00:00Z,34705,18.854876
18.89,19.35,18.65,818,18.95,2024-03-08T05:00:00Z,37116,18.970103
18.6,19.01,18.4,1302,18.58,2024-03-11T04:00:00Z,64597,18.717491
18.66,18.73,18.48,1330,18.565,2024-03-12T04:00:00Z,73371,18.563834
18.04,18.82,18.0,1060,18.47,2024-03-13T04:00:00Z,44159,18.312104
17.99,18.46,17.755,1287,17.95,2024-03-14T04:00:00Z,64597,17.981287
17.92,18.23,17.67,859,17.82,2024-03-15T04:00:00Z,64226,17.87757
17.73,18.12,17.5,1016,17.82,2024-03-18T04:00:00Z,57324,17.748191
18.02,18.15,17.46,861,17.46,2024-03-19T04:00:00Z,35286,17.912513
18.47,18.54,17.665,1357,17.94,2024-03-20T04:00:00Z,47751,18.134113
18.5,18.78,18.18,1185,18.44,2024-03-21T04:00:00Z,47636,18.485124
18.27,18.67,17.76,836,18.5,2024-03-22T04:00:00Z,36689,18.19787
17.64,18.33,17.5,1110,18.26,2024-03-25T04:00:00Z,41836,17.725347
17.87,18.05,17.51,611,17.67,2024-03-26T04:00:00Z,36144,17.786496
18.55,18.63,17.86,497,17.91,2024-03-27T04:00:00Z,28357,18.442174
18.56,18.94,18.45,644,18.5,2024-03-28T04:00:00Z,22131,18.653468
18.48,18.88,18.16,1022,18.88,2024-04-01T04:00:00Z,30321,18.479019
17.9,18.1499,17.39,1080,18.13,2024-04-02T04:00:00Z,61185,17.759801
18.15,18.64,18.04,392,18.15,2024-04-03T04:00:00Z,23160,18.225017
17.7,18.79,17.61,783,18.3584,2024-04-04T04:00:00Z,40028,17.988762
17.95,18.02,17.64,661,17.64,2024-04-05T04:00:00Z,40246,17.855178
17.81,18.04,17.37,466,17.77,2024-04-08T04:00:00Z,27837,17.71673
18.08,18.24,17.825,553,18.02,2024-04-09T04:00:00Z,20359,18.055892
17.52,17.83,17.39,900,17.43,2024-04-10T04:00:00Z,42664,17.526085
17.57,17.82,17.24,581,17.59,2024-04-11T04:00:00Z,21399,17.541204
18.01,18.59,17.5,761,17.5,2024-04-12T04:00:00Z,37086,17.95686
17.8,18.03,17.72,993,18.0,2024-04-15T04:00:00Z,35879,17.814356
18.43,18.69,17.86,1014,17.88,2024-04-16T04:00:00Z,28485,18.432314
17.5,18.4,17.26,1097,18.25,2024-04-17T04:00:00Z,45630,17.59766
17.47,17.79,17.25,1012,17.28,2024-04-18T04:00:00Z,48043,17.419416
17.51,17.845,17.3,858,17.35,2024-04-19T04:00:00Z,26401,17.472886
17.62,18.1,17.45,737,17.91,2024-04-22T04:00:00Z,33350,17.71193
17.6,18.03,17.49,656,17.49,2024-04-23T04:00:00Z,21921,17.64377
17.92,18.01,17.385,637,17.5734,2024-04-24T04:00:00Z,39929,17.645188
17.84,17.94,17.35,795,17.68,2024-04-25T04:00:00Z,34441,17.682346
17.95,18.23,17.89,463,18.015,2024-04-26T04:00:00Z,16239,18.014381
17.95,18.31,17.84,481,17.9,2024-04-29T04:00:00Z,11343,18.038655
17.67,17.78,17.5,812,17.66,2024-04-30T04:00:00Z,36878,17.631912
18.05,18.4,17.66,792,17.76,2024-05-01T04:00:00Z,27144,18.081963
18.77,18.83,18.03,1121,18.31,2024-05-02T04:00:00Z,36236,18.504417
18.33,19.84,18.3,628,19.07,2024-05-03T04:00:00Z,23794,18.852029
18.19,18.47,17.93,696,18.32,2024-05-06T04:00:00Z,23902,18.244834
17.77,18.37,17.77,1122,18.37,2024-05-07T04:00:00Z,33435,17.849673
17.37,17.65,17.3,1030,17.6,2024-05-08T04:00:00Z,43035,17.412364
19.45,19.56,17.43,1101,17.43,2024-05-09T04:00:00Z,47553,18.721854
18.115,19.365,17.25,1456,19.3,2024-05-10T04:00:00Z,75685,17.907609
18.02,18.37,17.57,824,18.34,2024-05-13T04:00:00Z,35012,17.984205
20.15,20.4899,18.4,864,18.4,2024-05-14T04:00:00Z,37901,19.699058
19.39,20.43,19.01,892,20.25,2024-05-15T04:00:00Z,41832,19.480795
18.87,19.44,18.78,820,19.06,2024-05-16T04:00:00Z,27164,19.01674
18.97,19.05,18.42,599,19.05,2024-05-17T04:00:00Z,16416,18.84302
18.98,19.24,18.73,679,18.73,2024-05-20T04:00:00Z,16640,18.976852
18.92,19.01,18.32,671,18.93,2024-05-21T04:00:00Z,21669,18.678935
19.23,19.47,18.8,708,18.81,2024-05-22T04:00:00Z,26352,19.216379
20.17,20.55,19.24,895,19.24,2024-05-23T04:00:00Z,48646,20.032174
19.98,20.46,19.82,542,20.31,2024-05-24T04:00:00Z,23734,20.159694
20.34,20.62,19.39,1250,20.0,2024-05-28T04:00:00Z,80584,20.019668
20.94,21.1,20.02,1202,20.185,2024-05-29T04:00:00Z,40999,20.628505
22.77,22.95,20.94,1750,20.94,2024-05-30T04:00:00Z,77840,22.440477
22.7,23.07,22.26,1980,22.83,2024-05-31T04:00:00Z,126664,22.773209
22.97,23.17,22.47,1667,23.17,2024-06-03T04:00:00Z,75134,22.829931
22.49,23.115,22.19,1307,22.71,2024-06-04T04:00:00Z,55656,22.571242
22.75,22.87,22.31,908,22.43,2024-06-05T04:00:00Z,40610,22.651898
21.94,22.645,21.88,1054,22.645,2024-06-06T04:00:00Z,21292,22.020079
21.27,21.87,21.03,807,21.57,2024-06-07T04:00:00Z,31704,21.254082
21.38,21.41,20.82,1004,21.16,2024-06-10T04:00:00Z,15221,21.274392
19.44,21.0,19.17,1535,21.0,2024-06-11T04:00:00Z,48696,19.85358
21.42,21.7,19.84,1412,20.27,2024-06-12T04:00:00Z,38006,21.089665
21.05,21.455,21.0,1020,21.455,2024-06-13T04:00:00Z,19445,21.07114
20.82,21.07,20.135,1035,20.65,2024-06-14T04:00:00Z,29474,20.653767
20.59,20.68,19.985,1024,20.55,2024-06-17T04:00:00Z,20323,20.526622
19.73,20.45,19.64,1016,20.39,2024-06-18T04:00:00Z,25539,19.852661
19.93,20.0,19.05,1020,19.5,2024-06-20T04:00:00Z,27451,19.546475
19.24,20.02,19.15,952,19.89,2024-06-21T04:00:00Z,48035,19.54497
20.23,20.27,19.01,921,19.01,2024-06-24T04:00:00Z,16727,19.825321
20.34,20.6,19.66,993,19.95,2024-06-25T04:00:00Z,19629,20.248254
19.595,20.01,19.47,1139,20.01,2024-06-26T04:00:00Z,29940,19.655194
18.63,19.8125,18.31,1479,19.59,2024-06-27T04:00:00Z,48063,18.623602
19.32,19.32,17.88,1880,17.99,2024-06-28T04:00:00Z,333714,19.202926
20.32,20.39,19.04,1241,19.26,2024-07-01T04:00:00Z,27842,19.886788
18.85,20.4,18.82,844,20.4,2024-07-02T04:00:00Z,16660,19.122679
18.91,20.0,18.2445,576,18.76,2024-07-03T04:00:00Z,15922,18.725308
18.75,19.07,18.1,792,18.39,2024-07-05T04:00:00Z,30080,18.528848
18.32,18.76,18.21,1305,18.6,2024-07-08T04:00:00Z,33915,18.427458
18.59,18.59,17.42,1048,18.4,2024-07-09T04:00:00Z,45891,18.189575
18.56,18.99,18.01,681,18.73,2024-07-10T04:00:00Z,27333,18.58178
20.19,20.31,18.76,1264,19.08,2024-07-11T04:00:00Z,42623,19.842958
21.72,22.1,19.64,1159,20.26,2024-07-12T04:00:00Z,46905,21.374058
21.88,22.18,21.35,1657,21.92,2024-07-15T04:00:00Z,42050,21.823448
23.03,23.14,21.88,1837,22.11,2024-07-16T04:00:00Z,55025,22.613821
22.43,23.22,21.87,1592,22.92,2024-07-17T04:00:00Z,56903,22.419148
21.64,22.48,21.54,1194,22.26,2024-07-18T04:00:00Z,30186,21.858592
21.98,22.19,21.66,729,21.66,2024-07-19T04:00:00Z,26322,21.922039
22.06,22.06,21.54,656,21.89,2024-07-22T04:00:00Z,16247,21.90939
21.82,22.5625,21.585,1639,21.95,2024-07-23T04:00:00Z,55793,22.000878
22.19,22.36,21.55,943,21.61,2024-07-24T04:00:00Z,37134,21.97279
23.42,23.92,21.79,1301,22.46,2024-07-25T04:00:00Z,48139,23.216953
25.34,25.59,23.14,1274,23.9,2024-07-26T04:00:00Z,54436,24.822641
25.45,25.56,24.27,1178,24.95,2024-07-29T04:00:00Z,36962,24.985916
25.78,26.48,25.45,1222,25.45,2024-07-30T04:00:00Z,34348,25.959224
25.17,26.21,24.76,1299,25.92,2024-07-31T04:00:00Z,46661,25.197389
23.72,25.29,23.265,1678,25.165,2024-08-01T04:00:00Z,54176,23.993632
23.25,23.71,22.55,1149,22.77,2024-08-02T04:00:00Z,32759,23.178475
20.76,23.045,20.64,1558,22.2,2024-08-05T04:00:00Z,43488,21.272438
22.13,22.53,20.57,1496,20.57,2024-08-06T04:00:00Z,36301,21.845464
24.0,24.26,22.62,1437,22.62,2024-08-07T04:00:00Z,51985,23.718396
23.38,24.23,23.24,918,23.73,2024-08-08T04:00:00Z,20112,23.662035
22.29,24.0,21.8,1159,24.0,2024-08-09T04:00:00Z,33725,22.215363
21.36,22.55,21.33,1152,22.29,2024-08-12T04:00:00Z,37158,21.794576
21.58,21.58,20.77,724,21.05,2024-08-13T04:00:00Z,18818,21.135772
20.74,21.42,20.62,585,21.42,2024-08-14T04:00:00Z,17229,20.873266
21.53,21.54,20.71,562,21.37,2024-08-15T04:00:00Z,14116,21.232232
20.88,21.795,20.15,1166,21.42,2024-08-16T04:00:00Z,33691,20.803427
21.4,21.72,20.4,791,20.94,2024-08-19T04:00:00Z,27008,20.89451
21.08,21.31,20.9,729,21.31,2024-08-20T04:00:00Z,20676,21.110999
21.82,21.87,21.14,920,21.26,2024-08-21T04:00:00Z,14301,21.541747
20.87,21.9,20.82,716,21.67,2024-08-22T04:00:00Z,11589,21.309598
22.22,22.44,20.91,1630,20.91,2024-08-23T04:00:00Z,39586,22.024293
23.76,23.79,22.27,1204,22.27,2024-08-26T04:00:00Z,38730,23.459689
21.9,23.23,21.9,1676,23.2,2024-08-27T04:00:00Z,30816,22.5835
21.75,22.0,21.42,1049,22.0,2024-08-28T04:00:00Z,28194,21.80269
21.66,22.43,21.6,1345,21.805,2024-08-29T04:00:00Z,40793,21.983641
21.41,21.775,21.23,945,21.62,2024-08-30T04:00:00Z,40797,21.464085
20.25,21.03,20.0,1706,21.03,2024-09-03T04:00:00Z,34414,20.34041
20.88,21.7599,19.94,2144,19.945,2024-09-04T04:00:00Z,88069,21.120262
21.38,22.0,20.98,1227,21.288,2024-09-05T04:00:00Z,46436,21.730603
20.49,21.28,20.285,1040,21.22,2024-09-06T04:00:00Z,27173,20.640498
21.79,21.94,20.9,988,21.08,2024-09-09T04:00:00Z,26616,21.535554
23.7,24.02,21.44,1681,21.68,2024-09-10T04:00:00Z,54071,22.885069
22.92,23.07,22.56,768,23.025,2024-09-11T04:00:00Z,19618,22.867399
22.95,23.0,22.52,735,22.74,2024-09-12T04:00:00Z,22651,22.898003
23.46,23.62,22.5,1181,23.0,2024-09-13T04:00:00Z,38605,23.14091
22.99,23.51,22.68,818,23.06,2024-09-16T04:00:00Z,18201,23.050951
22.39,23.38,22.36,2176,23.38,2024-09-17T04:00:00Z,40684,22.677127
22.7,22.96,21.97,1411,22.18,2024-09-18T04:00:00Z,46321,22.547571
22.12,23.01,21.695,1146,23.0,2024-09-19T04:00:00Z,30962,22.30423
21.87,22.44,21.35,1146,22.13,2024-09-20T04:00:00Z,90180,21.941009
21.0,21.87,21.0,835,21.83,2024-09-23T04:00:00Z,23829,21.231833
20.34,21.28,20.17,1368,20.98,2024-09-24T04:00:00Z,48085,20.676178
20.47,20.53,19.9,884,20.21,2024-09-25T04:00:00Z,27445,20.269878
21.0,21.285,20.58,952,20.77,2024-09-26T04:00:00Z,25118,20.878572
21.01,21.7,20.93,906,21.32,2024-09-27T04:00:00Z,31859,21.254254
20.89,21.59,20.715,1348,21.17,2024-09-30T04:00:00Z,46800,20.993741
20.05,20.92,20.05,750,20.72,2024-10-01T04:00:00Z,22802,20.264291
20.01,20.1685,19.69,573,19.92,2024-10-02T04:00:00Z,26067,20.018132
19.82,20.025,19.64,458,20.01,2024-10-03T04:00:00Z,13105,19.828445
19.76,20.23,19.4883,532,20.23,2024-10-04T04:00:00Z,13709,19.812855
19.21,19.81,19.1,644,19.53,2024-10-07T04:00:00Z,18242,19.435827
19.42,19.44,18.91,686,19.36,2024-10-08T04:00:00Z,26422,19.181524
18.93,19.525,18.84,618,19.43,2024-10-09T04:00:00Z,14476,19.022621
18.8,18.99,18.34,664,18.8,2024-10-10T04:00:00Z,26177,18.729406
19.57,19.57,18.92,883,19.115,2024-10-11T04:00:00Z,23788,19.360188
19.46,19.7,19.09,877,19.6,2024-10-14T04:00:00Z,26520,19.463939
18.93,19.69,18.86,1049,19.58,2024-10-15T04:00:00Z,27830,19.293113
18.7,19.005,18.62,1331,18.84,2024-10-16T04:00:00Z,44398,18.835726
19.53,19.8,18.17,1417,18.75,2024-10-17T04:00:00Z,62144,18.958388
19.72,19.95,19.585,832,19.64,2024-10-18T04:00:00Z,24236,19.728215
19.55,19.81,19.21,655,19.51,2024-10-21T04:00:00Z,20317,19.547229
19.25,19.715,19.19,835,19.31,2024-10-22T04:00:00Z,24836,19.414293
19.01,19.34,18.59,677,19.02,2024-10-23T04:00:00Z,19942,18.838703
19.33,19.33,18.835,725,19.08,2024-10-24T04:00:00Z,23513,19.006415
19.23,19.75,19.19,566,19.5,2024-10-25T04:00:00Z,13066,19.403321
19.62,20.02,19.43,828,19.54,2024-10-28T04:00:00Z,19289,19.642131
19.55,19.89,19.4,547,19.63,2024-10-29T04:00:00Z,14310,19.537462
19.87,20.13,19.61,563,19.61,2024-10-30T04:00:00Z,18837,19.91295
18.52,19.97,18.5,842,19.97,2024-10-31T04:00:00Z,45363,18.996468
18.09,18.86,17.94,1001,18.59,2024-11-01T04:00:00Z,30146,18.298631
17.81,18.05,17.58,659,17.945,2024-11-04T05:00:00Z,22325,17.834933
17.99,18.3,17.69,1263,17.69,2024-11-05T05:00:00Z,30331,17.972929
17.72,18.98,17.53,2245,18.98,2024-11-06T05:00:00Z,71517,17.965317
17.32,17.83,17.08,1993,17.63,2024-11-07T05:00:00Z,50584,17.448311
16.31,17.19,15.775,2353,16.64,2024-11-08T05:00:00Z,122706,16.245911
16.97,17.3231,16.11,1602,16.54,2024-11-11T05:00:00Z,51415,16.820995
15.91,17.115,15.77,1944,16.97,2024-11-12T05:00:00Z,79114,16.143793
15.97,16.7164,15.4,1453,15.99,2024-11-13T05:00:00Z,60774,16.154897
15.75,16.04,15.01,1738,15.75,2024-11-14T05:00:00Z,90700,15.456679
15.99,16.07,15.36,2253,15.9,2024-11-15T05:00:00Z,78622,15.694556
16.13,16.24,15.84,2408,15.92,2024-11-18T05:00:00Z,70966,16.089084
16.15,16.16,15.57,1987,16.08,2024-11-19T05:00:00Z,45423,16.005401
15.8,16.15,15.63,1764,16.09,2024-11-20T05:00:00Z,54671,15.847635
16.27,16.305,15.64,1486,15.91,2024-11-21T05:00:00Z,50113,16.150513
16.16,16.4,16.0,1101,16.4,2024-11-22T05:00:00Z,43817,16.190446
16.41,16.7372,16.09,1095,16.25,2024-11-25T05:00:00Z,255403,16.409671
17.64,17.96,16.15,1797,16.32,2024-11-26T05:00:00Z,46569,17.277022
17.31,17.915,17.27,1028,17.65,2024-11-27T05:00:00Z,21147,17.595203
17.69,17.84,17.31,869,17.31,2024-11-29T05:00:00Z,24001,17.67558
17.63,17.82,17.465,1139,17.63,2024-12-02T05:00:00Z,31157,17.656154
17.14,17.68,16.99,1094,17.57,2024-12-03T05:00:00Z,36645,17.233294
18.58,19.19,16.96,1827,16.96,2024-12-04T05:00:00Z,64575,18.3651
18.36,18.62,18.22,965,18.37,2024-12-05T05:00:00Z,30781,18.41077
18.19,18.645,18.06,553,18.51,2024-12-06T05:00:00Z,12562,18.26824
18.09,18.57,18.04,749,18.2,2024-12-09T05:00:00Z,24066,18.253493
18.39,18.78,17.86,1311,18.01,2024-12-10T05:00:00Z,34173,18.305004
18.03,18.66,17.67,1066,18.66,2024-12-11T05:00:00Z,34184,18.006549
16.27,17.96,15.8601,2186,17.96,2024-12-12T05:00:00Z,66815,16.532553
16.59,16.59,15.64,995,16.09,2024-12-13T05:00:00Z,43138,16.105842
16.99,16.99,16.15,1008,16.15,2024-12-16T05:00:00Z,30119,16.726638
17.05,17.115,16.6,1231,16.87,2024-12-17T05:00:00Z,29780,16.877764
15.73,17.1,15.72,823,16.84,2024-12-18T05:00:00Z,34802,15.961638
15.29,15.845,15.29,845,15.72,2024-12-19T05:00:00Z,35839,15.424658
15.67,15.75,15.06,481,15.06,2024-12-20T05:00:00Z,42786,15.450422
15.67,15.78,15.2,826,15.49,2024-12-23T05:00:00Z,30006,15.463543
15.96,15.96,15.66,262,15.67,2024-12-24T05:00:00Z,5975,15.84134
16.3,16.38,15.9,701,15.9,2024-12-26T05:00:00Z,17765,16.193595
16.3,16.37,15.882,1314,16.29,2024-12-27T05:00:00Z,27332,16.167952
16.57,16.595,15.53,645,16.17,2024-12-30T05:00:00Z,22174,16.034658
17.14,17.38,16.3639,1151,16.51,2024-12-31T05:00:00Z,40693,16.932779
16.78,17.81,16.78,919,17.1,2025-01-02T05:00:00Z,23955,17.157563
