c,h,l,n,o,t,v,vw
15.71,16.17,15.71,35,16.01,2018-10-10T04:00:00Z,6064,15.87
15.9,16.24,15.86,35,16.16,2018-10-11T04:00:00Z,1887,15.97
15.91,16.38,15.88,61,16.38,2018-10-12T04:00:00Z,3054,15.94
15.83,15.96,15.83,59,15.94,2018-10-15T04:00:00Z,8301,15.93
15.86,16.18,15.81,65,16.18,2018-10-16T04:00:00Z,9652,15.9
15.87,15.87,15.85,33,15.86,2018-10-17T04:00:00Z,1962,15.86
15.87,15.89,15.77,25,15.89,2018-10-18T04:00:00Z,1895,15.87
16.15,16.15,15.88,38,16.11,2018-10-19T04:00:00Z,7847,16.13
15.95,15.95,15.87,47,15.87,2018-10-22T04:00:00Z,3920,15.88
15.87,16.11,15.87,27,16.11,2018-10-23T04:00:00Z,2004,16.06
16.08,16.09,15.92,43,15.92,2018-10-24T04:00:00Z,2548,16.01
16.19,16.19,16.07,21,16.07,2018-10-25T04:00:00Z,689,16.15
16.19,16.19,16.19,0,16.19,2018-10-26T04:00:00Z,0,0.0
16.27,16.3,16.03,46,16.18,2018-10-29T04:00:00Z,4557,16.07
15.98,16.31,15.98,35,16.31,2018-10-30T04:00:00Z,1587,16.23
16.19,16.19,16.03,29,16.03,2018-10-31T04:00:00Z,1331,16.08
16.19,16.26,16.19,25,16.26,2018-11-01T04:00:00Z,2975,16.2
16.04,16.19,16.03,23,16.19,2018-11-02T04:00:00Z,1831,16.06
16.04,16.04,16.04,0,16.04,2018-11-05T05:00:00Z,0,0.0
16.07,16.11,15.92,26,15.93,2018-11-06T05:00:00Z,1883,15.98
15.93,16.12,15.93,25,16.12,2018-11-07T05:00:00Z,2220,16.04
15.61,15.61,15.61,22,15.61,2018-11-08T05:00:00Z,935,15.61
16.03,16.03,15.87,29,15.87,2018-11-09T05:00:00Z,2280,15.97
15.85,16.04,15.8,27,16.04,2018-11-12T05:00:00Z,1974,15.9
15.89,16.03,15.85,21,16.03,2018-11-13T05:00:00Z,1364,15.92
15.91,16.01,15.87,68,16.01,2018-11-14T05:00:00Z,11390,15.88
15.94,15.94,15.87,78,15.87,2018-11-15T05:00:00Z,14832,15.9
15.83,15.83,15.83,19,15.83,2018-11-16T05:00:00Z,533,15.83
16.05,16.12,16.01,30,16.12,2018-11-19T05:00:00Z,4394,16.1
15.81,15.95,15.8,61,15.95,2018-11-20T05:00:00Z,6133,15.86
15.94,15.94,15.93,27,15.93,2018-11-21T05:00:00Z,676,15.93
15.93,16.01,15.93,20,16.01,2018-11-23T05:00:00Z,1386,15.99
15.81,16.01,15.78,40,16.01,2018-11-26T05:00:00Z,2691,15.81
15.62,15.78,15.62,35,15.78,2018-11-27T05:00:00Z,1553,15.7
15.72,15.87,15.51,118,15.8,2018-11-28T05:00:00Z,25421,15.66
15.6,15.8,15.58,83,15.75,2018-11-29T05:00:00Z,5982,15.63
15.48,15.58,15.39,31,15.58,2018-11-30T05:00:00Z,2316,15.5
15.51,15.72,15.39,52,15.61,2018-12-03T05:00:00Z,2575,15.47
15.53,15.58,15.32,101,15.58,2018-12-04T05:00:00Z,17537,15.46
15.19,15.51,14.97,525,15.51,2018-12-06T05:00:00Z,50949,15.13
15.24,15.43,15.1,103,15.25,2018-12-07T05:00:00Z,14999,15.22
15.16,15.37,15.1,116,15.37,2018-12-10T05:00:00Z,14944,15.23
15.19,15.47,15.19,77,15.36,2018-12-11T05:00:00Z,8907,15.27
15.17,15.54,15.12,112,15.19,2018-12-12T05:00:00Z,14232,15.23
15.17,15.59,15.16,91,15.26,2018-12-13T05:00:00Z,9666,15.22
15.08,15.42,15.08,188,15.12,2018-12-14T05:00:00Z,46580,15.12
14.83,15.38,14.52,99,15.08,2018-12-17T05:00:00Z,9514,14.94
14.78,14.85,14.53,178,14.78,2018-12-18T05:00:00Z,14836,14.68
14.62,15.64,14.47,357,14.6,2018-12-19T05:00:00Z,44466,14.59
14.66,14.66,14.56,102,14.56,2018-12-20T05:00:00Z,14405,14.62
14.75,15.06,14.23,159,14.52,2018-12-21T05:00:00Z,26917,14.69
14.97,14.97,13.97,64,14.72,2018-12-24T05:00:00Z,8929,14.56
14.79,15.08,14.08,72,14.08,2018-12-26T05:00:00Z,6765,14.82
14.72,14.97,14.32,83,14.64,2018-12-27T05:00:00Z,31117,14.62
14.79,14.91,14.53,97,14.72,2018-12-28T05:00:00Z,11099,14.65
14.93,14.94,14.72,57,14.77,2018-12-31T05:00:00Z,4647,14.81
15.01,15.11,14.62,161,14.78,2019-01-02T05:00:00Z,14084,14.94
15.01,15.08,14.74,70,14.89,2019-01-03T05:00:00Z,10064,14.91
14.99,15.39,14.92,98,15.15,2019-01-04T05:00:00Z,15003,15.11
14.81,15.41,14.66,184,14.82,2019-01-07T05:00:00Z,36633,14.88
14.61,15.12,14.49,165,14.9,2019-01-08T05:00:00Z,32444,14.7
14.95,15.11,14.61,233,14.79,2019-01-09T05:00:00Z,49505,14.89
14.96,15.11,14.79,283,14.92,2019-01-10T05:00:00Z,316341,14.96
14.86,15.11,14.84,162,15.02,2019-01-11T05:00:00Z,23079,14.93
14.9,15.09,14.79,166,14.89,2019-01-14T05:00:00Z,21385,14.91
14.81,15.12,14.81,242,14.82,2019-01-15T05:00:00Z,26835,14.99
14.93,15.12,14.83,194,15.11,2019-01-16T05:00:00Z,20087,14.97
14.96,15.1,14.86,169,15.02,2019-01-17T05:00:00Z,19601,14.99
15.07,15.11,14.87,66,14.87,2019-01-18T05:00:00Z,191320,15.07
15.1,15.11,14.95,143,15.11,2019-01-22T05:00:00Z,18096,15.07
15.25,15.29,14.97,32,15.1,2019-01-23T05:00:00Z,5935,15.18
15.35,15.36,15.28,86,15.32,2019-01-24T05:00:00Z,13546,15.29
15.37,15.48,15.29,22,15.39,2019-01-25T05:00:00Z,2062,15.45
15.66,15.69,15.37,55,15.37,2019-01-28T05:00:00Z,9654,15.48
15.54,15.64,15.52,38,15.64,2019-01-29T05:00:00Z,4216,15.61
15.64,15.74,15.55,78,15.59,2019-01-30T05:00:00Z,13783,15.65
14.89,15.74,14.75,422,15.68,2019-01-31T05:00:00Z,404017,15.17
15.35,15.38,14.81,96,15.27,2019-02-01T05:00:00Z,596919,14.83
15.3,15.39,15.22,82,15.35,2019-02-04T05:00:00Z,14208,15.31
15.33,15.46,15.25,71,15.33,2019-02-05T05:00:00Z,14653,15.34
15.51,15.57,15.41,185,15.43,2019-02-06T05:00:00Z,26433,15.5
15.64,15.69,15.49,128,15.56,2019-02-07T05:00:00Z,30520,15.63
15.75,15.77,15.71,175,15.72,2019-02-08T05:00:00Z,21648,15.73
15.95,15.95,15.69,192,15.77,2019-02-11T05:00:00Z,60544,15.78
16.07,16.1,15.81,297,15.95,2019-02-12T05:00:00Z,62408,15.98
16.04,16.12,15.94,114,16.1,2019-02-13T05:00:00Z,39061,16.04
16.1,16.13,15.97,171,16.06,2019-02-14T05:00:00Z,53771,16.04
16.1,16.16,16.06,190,16.06,2019-02-15T05:00:00Z,39302,16.1
16.4,16.4,16.1,52,16.16,2019-02-19T05:00:00Z,8898,16.25
16.25,16.37,16.2,288,16.37,2019-02-20T05:00:00Z,49020,16.26
16.27,16.39,16.22,101,16.36,2019-02-21T05:00:00Z,16606,16.28
16.33,16.33,16.2,123,16.27,2019-02-22T05:00:00Z,15180,16.24
16.33,16.4,16.31,83,16.39,2019-02-25T05:00:00Z,19483,16.34
16.37,16.38,16.24,69,16.35,2019-02-26T05:00:00Z,11652,16.32
16.37,16.4,16.3,68,16.31,2019-02-27T05:00:00Z,7933,16.34
16.42,16.48,16.38,141,16.43,2019-02-28T05:00:00Z,71505,16.42
16.43,16.46,16.37,123,16.37,2019-03-01T05:00:00Z,23896,16.41
16.29,16.46,16.26,145,16.45,2019-03-04T05:00:00Z,21025,16.36
16.37,16.37,16.25,82,16.34,2019-03-05T05:00:00Z,13502,16.35
16.43,16.43,16.37,47,16.37,2019-03-06T05:00:00Z,7846,16.42
16.39,16.53,16.39,45,16.53,2019-03-07T05:00:00Z,6629,16.42
16.43,16.48,16.35,64,16.35,2019-03-08T05:00:00Z,5074,16.44
16.5,16.52,16.48,84,16.52,2019-03-11T04:00:00Z,10209,16.51
16.53,16.53,16.46,112,16.5,2019-03-12T04:00:00Z,16921,16.5
16.49,16.63,16.48,212,16.55,2019-03-13T04:00:00Z,37206,16.53
16.56,16.61,16.49,111,16.55,2019-03-14T04:00:00Z,13349,16.57
16.6,16.67,16.56,98,16.62,2019-03-15T04:00:00Z,9873,16.59
16.71,16.71,16.6,76,16.6,2019-03-18T04:00:00Z,11414,16.66
16.59,16.75,16.56,60,16.75,2019-03-19T04:00:00Z,9781,16.63
16.66,16.69,16.62,28,16.69,2019-03-20T04:00:00Z,14538,16.66
16.79,16.81,16.62,30,16.65,2019-03-21T04:00:00Z,12676,16.72
16.7,16.81,16.62,77,16.79,2019-03-22T04:00:00Z,10774,16.73
16.68,16.76,16.63,165,16.72,2019-03-25T04:00:00Z,28622,16.71
16.66,16.78,16.61,111,16.78,2019-03-26T04:00:00Z,20116,16.66
16.65,16.74,16.63,75,16.71,2019-03-27T04:00:00Z,18538,16.68
16.64,16.73,16.63,109,16.66,2019-03-28T04:00:00Z,14287,16.65
16.62,16.69,16.59,435,16.64,2019-03-29T04:00:00Z,111535,16.62
16.62,16.64,16.55,188,16.59,2019-04-01T04:00:00Z,16701,16.61
16.54,16.66,16.53,98,16.66,2019-04-02T04:00:00Z,27324,16.58
16.59,16.59,16.53,185,16.57,2019-04-03T04:00:00Z,38735,16.55
16.56,16.63,16.53,53,16.62,2019-04-04T04:00:00Z,13104,16.59
16.6,16.62,16.55,193,16.62,2019-04-05T04:00:00Z,32403,16.59
16.59,16.6,16.56,55,16.56,2019-04-08T04:00:00Z,4673,16.59
16.56,16.59,16.56,43,16.59,2019-04-09T04:00:00Z,3188,16.57
16.51,16.63,16.45,201,16.63,2019-04-10T04:00:00Z,32297,16.53
16.53,16.53,16.51,57,16.53,2019-04-11T04:00:00Z,10226,16.52
16.5,16.62,16.5,70,16.62,2019-04-12T04:00:00Z,14336,16.54
16.62,16.62,16.52,122,16.53,2019-04-15T04:00:00Z,16543,16.58
16.62,16.63,16.61,95,16.61,2019-04-16T04:00:00Z,10346,16.62
16.65,16.71,16.65,48,16.71,2019-04-17T04:00:00Z,4186,16.66
16.69,16.7,16.65,37,16.7,2019-04-18T04:00:00Z,2233,16.69
16.66,16.75,16.63,120,16.71,2019-04-22T04:00:00Z,14153,16.7
16.71,16.71,16.64,196,16.71,2019-04-23T04:00:00Z,28352,16.66
16.7,16.71,16.64,120,16.71,2019-04-24T04:00:00Z,27642,16.67
16.71,16.71,16.59,130,16.66,2019-04-25T04:00:00Z,264601,16.63
16.67,16.7,16.62,283,16.68,2019-04-26T04:00:00Z,76772,16.67
16.75,16.75,16.69,47,16.69,2019-04-29T04:00:00Z,4487,16.71
16.87,16.88,16.74,188,16.75,2019-04-30T04:00:00Z,83193,16.86
16.92,16.92,16.79,65,16.82,2019-05-01T04:00:00Z,12438,16.86
16.92,16.99,16.91,53,16.99,2019-05-02T04:00:00Z,16390,16.93
16.89,16.96,16.88,113,16.96,2019-05-03T04:00:00Z,37932,16.91
16.89,16.9,16.78,28,16.78,2019-05-06T04:00:00Z,2212,16.83
16.93,16.93,16.83,61,16.86,2019-05-07T04:00:00Z,8537,16.89
16.96,16.96,16.81,23,16.88,2019-05-08T04:00:00Z,1435,16.88
16.96,16.96,16.92,30,16.95,2019-05-09T04:00:00Z,1682,16.95
16.97,16.97,16.93,34,16.96,2019-05-10T04:00:00Z,2136,16.95
16.96,16.98,16.83,56,16.83,2019-05-13T04:00:00Z,11246,16.91
17.09,17.1,16.83,66,16.83,2019-05-14T04:00:00Z,22962,17.0
17.12,17.22,17.04,86,17.22,2019-05-15T04:00:00Z,12405,17.07
17.11,17.15,17.03,104,17.09,2019-05-16T04:00:00Z,16041,17.08
17.12,17.19,17.09,35,17.19,2019-05-17T04:00:00Z,1645,17.11
17.16,17.18,17.05,51,17.1,2019-05-20T04:00:00Z,6746,17.11
17.11,17.17,17.03,86,17.17,2019-05-21T04:00:00Z,5923,17.1
17.15,17.18,17.1,82,17.16,2019-05-22T04:00:00Z,6174,17.13
17.12,17.2,17.08,43,17.1,2019-05-23T04:00:00Z,3116,17.12
17.13,17.17,17.09,26,17.17,2019-05-24T04:00:00Z,1753,17.14
17.17,17.17,17.13,53,17.17,2019-05-28T04:00:00Z,2792,17.15
17.19,17.21,17.14,58,17.16,2019-05-29T04:00:00Z,5299,17.18
17.19,17.22,17.01,46,17.22,2019-05-30T04:00:00Z,3189,17.16
17.27,17.27,17.19,168,17.22,2019-05-31T04:00:00Z,66770,17.26
17.22,17.27,17.18,85,17.27,2019-06-03T04:00:00Z,18947,17.2
17.25,17.26,17.19,34,17.26,2019-06-04T04:00:00Z,2409,17.24
17.22,17.32,17.18,43,17.32,2019-06-05T04:00:00Z,2732,17.23
17.25,17.27,17.11,46,17.2,2019-06-06T04:00:00Z,1905,17.19
17.47,17.47,17.21,82,17.33,2019-06-07T04:00:00Z,6171,17.33
17.38,17.47,17.23,106,17.47,2019-06-10T04:00:00Z,9105,17.32
17.25,17.38,17.23,98,17.38,2019-06-11T04:00:00Z,17021,17.28
17.3,17.33,17.2,39,17.25,2019-06-12T04:00:00Z,2498,17.25
17.29,17.29,17.13,47,17.29,2019-06-13T04:00:00Z,4216,17.27
17.29,17.29,17.19,45,17.22,2019-06-14T04:00:00Z,2049,17.23
17.25,17.38,17.23,35,17.29,2019-06-17T04:00:00Z,3755,17.32
17.37,17.44,17.3,79,17.39,2019-06-18T04:00:00Z,14435,17.35
17.32,17.43,17.32,57,17.35,2019-06-19T04:00:00Z,4639,17.36
17.36,17.41,17.32,49,17.41,2019-06-20T04:00:00Z,6864,17.35
17.35,17.36,17.29,70,17.32,2019-06-21T04:00:00Z,10482,17.33
17.37,17.44,17.31,64,17.4,2019-06-24T04:00:00Z,4659,17.36
17.38,17.41,17.31,50,17.41,2019-06-25T04:00:00Z,4774,17.36
17.38,17.42,17.31,79,17.31,2019-06-26T04:00:00Z,7528,17.34
17.32,17.4,17.32,68,17.38,2019-06-27T04:00:00Z,7631,17.35
17.32,17.52,17.29,289,17.32,2019-06-28T04:00:00Z,65727,17.34
17.27,17.3,17.11,181,17.29,2019-07-01T04:00:00Z,8013,17.23
17.31,17.44,17.2,235,17.27,2019-07-02T04:00:00Z,10237,17.35
17.21,17.36,17.17,103,17.17,2019-07-03T04:00:00Z,5411,17.25
17.17,17.37,17.17,66,17.29,2019-07-05T04:00:00Z,2777,17.25
17.22,17.25,17.19,28,17.19,2019-07-08T04:00:00Z,640,17.22
17.21,17.37,17.21,63,17.37,2019-07-09T04:00:00Z,1293,17.32
17.18,17.32,17.18,43,17.28,2019-07-10T04:00:00Z,1222,17.28
17.17,17.32,17.17,75,17.31,2019-07-11T04:00:00Z,2452,17.29
17.21,17.34,17.21,60,17.34,2019-07-12T04:00:00Z,1007,17.28
17.34,17.36,17.28,202,17.36,2019-07-15T04:00:00Z,3419,17.31
17.32,17.32,17.28,37,17.28,2019-07-16T04:00:00Z,1727,17.31
17.32,17.36,17.19,65,17.19,2019-07-17T04:00:00Z,11980,17.34
17.39,17.4,17.19,33,17.4,2019-07-18T04:00:00Z,1678,17.32
17.32,17.4,17.32,90,17.34,2019-07-19T04:00:00Z,15436,17.33
17.39,17.39,17.32,47,17.38,2019-07-22T04:00:00Z,2011,17.37
17.36,17.39,17.32,99,17.32,2019-07-23T04:00:00Z,4574,17.35
17.39,17.4,17.29,39,17.4,2019-07-24T04:00:00Z,3025,17.34
17.37,17.51,17.34,56,17.36,2019-07-25T04:00:00Z,4585,17.42
17.42,17.66,17.34,69,17.66,2019-07-26T04:00:00Z,4514,17.43
17.55,17.57,17.34,41,17.42,2019-07-29T04:00:00Z,2409,17.43
17.46,17.71,17.35,71,17.71,2019-07-30T04:00:00Z,4719,17.46
17.58,17.58,17.36,394,17.47,2019-07-31T04:00:00Z,111728,17.53
17.29,17.57,17.29,161,17.53,2019-08-01T04:00:00Z,18281,17.45
17.39,17.43,17.25,40,17.38,2019-08-02T04:00:00Z,3007,17.39
17.31,17.42,17.31,33,17.34,2019-08-05T04:00:00Z,1733,17.39
17.31,17.39,17.29,51,17.39,2019-08-06T04:00:00Z,3501,17.37
17.33,17.33,17.27,27,17.28,2019-08-07T04:00:00Z,2909,17.28
17.4,17.49,17.23,38,17.49,2019-08-08T04:00:00Z,5238,17.3
17.46,17.46,17.46,40,17.46,2019-08-09T04:00:00Z,3171,17.46
17.49,17.49,17.46,58,17.46,2019-08-12T04:00:00Z,9363,17.47
17.47,17.59,17.4,45,17.56,2019-08-13T04:00:00Z,5608,17.53
17.42,17.66,17.42,60,17.64,2019-08-14T04:00:00Z,4025,17.52
17.52,17.57,17.39,84,17.4,2019-08-15T04:00:00Z,6923,17.44
17.4,17.53,17.34,63,17.41,2019-08-16T04:00:00Z,3190,17.42
17.37,17.5,17.29,34,17.44,2019-08-19T04:00:00Z,3121,17.38
17.48,17.48,17.36,58,17.48,2019-08-20T04:00:00Z,4389,17.4
17.48,17.56,17.41,68,17.48,2019-08-21T04:00:00Z,4271,17.43
17.52,17.52,17.39,29,17.48,2019-08-22T04:00:00Z,1611,17.49
17.52,17.65,17.49,33,17.49,2019-08-23T04:00:00Z,2272,17.53
17.52,17.58,17.4,78,17.52,2019-08-26T04:00:00Z,7744,17.45
17.48,17.56,17.38,54,17.52,2019-08-27T04:00:00Z,4133,17.49
17.52,17.52,17.38,56,17.48,2019-08-28T04:00:00Z,5916,17.45
17.46,17.55,17.4,63,17.55,2019-08-29T04:00:00Z,12951,17.47
17.47,17.57,17.38,160,17.57,2019-08-30T04:00:00Z,55448,17.45
17.39,17.46,17.31,95,17.41,2019-09-03T04:00:00Z,13551,17.38
17.37,17.46,17.34,108,17.45,2019-09-04T04:00:00Z,14551,17.4
17.44,17.44,17.36,70,17.42,2019-09-05T04:00:00Z,10896,17.38
17.44,17.48,17.38,111,17.38,2019-09-06T04:00:00Z,11444,17.44
17.36,17.47,17.35,230,17.42,2019-09-09T04:00:00Z,35248,17.39
17.29,17.41,17.29,106,17.3,2019-09-10T04:00:00Z,18522,17.33
17.35,17.36,17.21,125,17.27,2019-09-11T04:00:00Z,15742,17.29
17.4,17.43,17.24,72,17.41,2019-09-12T04:00:00Z,10045,17.39
17.38,17.43,17.34,158,17.36,2019-09-13T04:00:00Z,25828,17.38
17.42,17.42,17.34,74,17.34,2019-09-16T04:00:00Z,8852,17.41
17.42,17.47,17.42,41,17.43,2019-09-17T04:00:00Z,6374,17.45
17.56,17.56,17.43,52,17.43,2019-09-18T04:00:00Z,6056,17.49
17.67,17.67,17.47,91,17.6,2019-09-19T04:00:00Z,6314,17.59
17.66,17.67,17.52,72,17.67,2019-09-20T04:00:00Z,4421,17.63
17.73,17.73,17.63,137,17.71,2019-09-23T04:00:00Z,12115,17.7
17.66,17.73,17.58,150,17.73,2019-09-24T04:00:00Z,9181,17.63
17.54,17.6,17.42,368,17.6,2019-09-25T04:00:00Z,37499,17.48
17.51,17.54,17.49,81,17.54,2019-09-26T04:00:00Z,7436,17.53
17.58,17.61,17.44,84,17.55,2019-09-27T04:00:00Z,10872,17.55
17.68,17.68,17.52,160,17.62,2019-09-30T04:00:00Z,72163,17.66
17.73,17.74,17.53,76,17.66,2019-10-01T04:00:00Z,8541,17.65
17.69,17.75,17.61,37,17.75,2019-10-02T04:00:00Z,2530,17.69
17.41,17.72,17.41,188,17.72,2019-10-03T04:00:00Z,21847,17.5
17.41,17.51,17.41,172,17.46,2019-10-04T04:00:00Z,43399,17.43
17.42,17.47,17.31,231,17.42,2019-10-07T04:00:00Z,19608,17.43
17.62,17.62,17.42,132,17.45,2019-10-08T04:00:00Z,33814,17.51
17.41,17.6,17.41,233,17.6,2019-10-09T04:00:00Z,54046,17.43
17.45,17.52,17.42,185,17.44,2019-10-10T04:00:00Z,32623,17.45
17.49,17.5,17.41,121,17.45,2019-10-11T04:00:00Z,14178,17.46
17.56,17.56,17.48,77,17.49,2019-10-14T04:00:00Z,5737,17.5
17.42,17.6,17.4,331,17.6,2019-10-15T04:00:00Z,47798,17.45
17.52,17.56,17.4,229,17.4,2019-10-16T04:00:00Z,38946,17.48
17.45,17.6,17.4,509,17.58,2019-10-17T04:00:00Z,52400,17.45
17.49,17.51,17.43,75,17.47,2019-10-18T04:00:00Z,5812,17.46
17.41,17.49,17.36,226,17.48,2019-10-21T04:00:00Z,40273,17.41
17.43,17.48,17.39,120,17.42,2019-10-22T04:00:00Z,17235,17.44
17.43,17.52,17.42,172,17.43,2019-10-23T04:00:00Z,23987,17.47
17.47,17.47,17.4,229,17.45,2019-10-24T04:00:00Z,35475,17.44
17.43,17.5,17.42,94,17.48,2019-10-25T04:00:00Z,15862,17.47
17.47,17.49,17.42,108,17.44,2019-10-28T04:00:00Z,21791,17.46
17.55,17.56,17.44,97,17.45,2019-10-29T04:00:00Z,23751,17.53
17.58,17.58,17.5,189,17.58,2019-10-30T04:00:00Z,20358,17.56
17.78,17.78,17.58,176,17.58,2019-10-31T04:00:00Z,66899,17.76
17.79,17.84,17.66,125,17.84,2019-11-01T04:00:00Z,15300,17.78
17.76,17.79,17.75,57,17.79,2019-11-04T05:00:00Z,7338,17.77
17.77,17.79,17.66,76,17.79,2019-11-05T05:00:00Z,9860,17.76
17.75,17.86,17.73,78,17.78,2019-11-06T05:00:00Z,13904,17.78
17.77,17.85,17.75,46,17.85,2019-11-07T05:00:00Z,5523,17.8
17.93,17.93,17.81,42,17.81,2019-11-08T05:00:00Z,3130,17.85
18.0,18.12,17.84,48,17.93,2019-11-11T05:00:00Z,3924,18.0
18.0,18.07,17.93,78,18.04,2019-11-12T05:00:00Z,7396,18.0
17.99,18.24,17.99,73,18.13,2019-11-13T05:00:00Z,4025,18.11
18.14,18.14,17.95,59,18.03,2019-11-14T05:00:00Z,3661,18.05
18.2,18.25,18.01,49,18.25,2019-11-15T05:00:00Z,4443,18.17
18.11,18.43,17.96,77,18.07,2019-11-18T05:00:00Z,10375,18.06
18.1,18.33,17.86,47,18.28,2019-11-19T05:00:00Z,9920,18.14
18.18,18.18,18.06,69,18.08,2019-11-20T05:00:00Z,4556,18.1
18.17,18.2,18.06,54,18.2,2019-11-21T05:00:00Z,3352,18.13
18.19,18.2,17.97,43,18.19,2019-11-22T05:00:00Z,2928,18.18
18.07,18.14,18.06,36,18.06,2019-11-25T05:00:00Z,3648,18.08
18.14,18.24,18.07,41,18.07,2019-11-26T05:00:00Z,2483,18.1
18.0,18.24,18.0,42,18.24,2019-11-27T05:00:00Z,2934,18.14
18.25,18.25,18.11,82,18.11,2019-11-29T05:00:00Z,13732,18.23
17.98,18.0,17.84,99,17.97,2019-12-02T05:00:00Z,17470,17.91
18.13,18.14,17.84,183,17.84,2019-12-03T05:00:00Z,16664,17.96
17.86,17.94,17.82,110,17.94,2019-12-04T05:00:00Z,14851,17.87
17.8,17.91,17.71,82,17.91,2019-12-05T05:00:00Z,7095,17.8
17.75,17.87,17.7,59,17.81,2019-12-06T05:00:00Z,2893,17.79
17.82,17.96,17.59,24,17.83,2019-12-09T05:00:00Z,2832,17.72
17.88,17.91,17.66,65,17.8,2019-12-10T05:00:00Z,8663,17.84
18.0,18.14,17.9,37,18.09,2019-12-11T05:00:00Z,3039,18.01
17.89,18.26,17.76,73,18.26,2019-12-12T05:00:00Z,4513,18.0
18.03,18.12,17.88,88,17.91,2019-12-13T05:00:00Z,6951,18.0
17.98,18.11,17.91,69,18.11,2019-12-16T05:00:00Z,7620,17.97
18.15,18.15,18.01,88,18.01,2019-12-17T05:00:00Z,7537,18.08
17.91,18.18,17.91,105,18.1,2019-12-18T05:00:00Z,10035,18.11
18.27,18.28,18.13,81,18.17,2019-12-19T05:00:00Z,5970,18.18
18.15,18.29,18.13,54,18.29,2019-12-20T05:00:00Z,5781,18.2
18.32,18.36,18.25,52,18.25,2019-12-23T05:00:00Z,4182,18.29
18.37,18.37,18.21,43,18.37,2019-12-24T05:00:00Z,3713,18.35
18.31,18.37,18.23,30,18.37,2019-12-26T05:00:00Z,3102,18.33
18.21,18.37,18.21,28,18.37,2019-12-27T05:00:00Z,2169,18.33
18.22,18.31,18.22,45,18.22,2019-12-30T05:00:00Z,3482,18.24
18.44,18.44,18.29,54,18.36,2019-12-31T05:00:00Z,10723,18.39
18.78,18.83,18.44,131,18.44,2020-01-02T05:00:00Z,6023,18.65
18.86,18.86,18.48,112,18.81,2020-01-03T05:00:00Z,5694,18.69
18.84,18.86,18.82,79,18.82,2020-01-06T05:00:00Z,4158,18.85
18.72,18.93,18.72,61,18.93,2020-01-07T05:00:00Z,7411,18.76
18.81,18.86,18.6,118,18.82,2020-01-08T05:00:00Z,9897,18.67
18.75,18.85,18.52,69,18.83,2020-01-09T05:00:00Z,4092,18.69
18.81,18.84,18.8,51,18.84,2020-01-10T05:00:00Z,1884,18.82
18.83,18.84,18.75,73,18.83,2020-01-13T05:00:00Z,2884,18.82
18.82,18.82,18.59,89,18.66,2020-01-14T05:00:00Z,9492,18.67
18.7,18.86,18.53,111,18.86,2020-01-15T05:00:00Z,13460,18.66
18.68,18.71,18.6,48,18.6,2020-01-16T05:00:00Z,2582,18.64
18.57,18.66,18.56,95,18.56,2020-01-17T05:00:00Z,8946,18.62
18.36,18.52,18.34,104,18.45,2020-01-21T05:00:00Z,13281,18.4
18.31,18.36,18.31,62,18.36,2020-01-22T05:00:00Z,7800,18.32
18.3,18.44,18.21,47,18.37,2020-01-23T05:00:00Z,5277,18.3
18.26,18.34,18.23,27,18.34,2020-01-24T05:00:00Z,2064,18.32
18.28,18.4,18.2,36,18.28,2020-01-27T05:00:00Z,2836,18.27
18.3,18.4,18.24,56,18.3,2020-01-28T05:00:00Z,4058,18.32
18.22,18.39,18.19,65,18.39,2020-01-29T05:00:00Z,4246,18.27
18.28,18.37,18.27,55,18.3,2020-01-30T05:00:00Z,3838,18.3
18.34,18.39,18.18,123,18.33,2020-01-31T05:00:00Z,12562,18.32
18.27,18.33,18.27,61,18.33,2020-02-03T05:00:00Z,2205,18.32
18.31,18.37,18.31,58,18.37,2020-02-04T05:00:00Z,1909,18.35
18.43,18.48,18.31,45,18.31,2020-02-05T05:00:00Z,2003,18.4
18.52,18.59,18.41,60,18.59,2020-02-06T05:00:00Z,3590,18.52
18.66,18.75,18.61,80,18.61,2020-02-07T05:00:00Z,7367,18.67
18.66,18.75,18.59,38,18.75,2020-02-10T05:00:00Z,1707,18.73
18.45,18.69,18.41,44,18.69,2020-02-11T05:00:00Z,4396,18.54
18.42,18.69,18.41,49,18.69,2020-02-12T05:00:00Z,3495,18.5
18.52,18.66,18.48,41,18.54,2020-02-13T05:00:00Z,2829,18.54
18.61,18.69,18.61,37,18.69,2020-02-14T05:00:00Z,2367,18.68
18.62,18.68,18.41,84,18.68,2020-02-18T05:00:00Z,5119,18.54
18.22,18.5,18.22,79,18.5,2020-02-19T05:00:00Z,7371,18.36
18.39,18.52,18.34,91,18.34,2020-02-20T05:00:00Z,3342,18.43
18.3,18.41,18.3,84,18.3,2020-02-21T05:00:00Z,6579,18.32
18.21,18.37,18.21,62,18.37,2020-02-24T05:00:00Z,5142,18.31
18.13,18.34,18.05,111,18.34,2020-02-25T05:00:00Z,5417,18.16
18.11,18.37,17.85,155,18.28,2020-02-26T05:00:00Z,6384,18.05
17.98,18.23,17.3,84,18.23,2020-02-27T05:00:00Z,8032,17.9
18.11,18.11,17.86,70,17.95,2020-02-28T05:00:00Z,8481,18.02
18.21,18.21,18.01,63,18.2,2020-03-02T05:00:00Z,2320,18.18
17.98,18.31,17.98,98,18.21,2020-03-03T05:00:00Z,9530,18.19
18.1,18.1,17.97,48,18.1,2020-03-04T05:00:00Z,3574,18.07
18.07,18.1,17.86,41,18.1,2020-03-05T05:00:00Z,4571,18.05
18.03,18.1,17.86,175,18.1,2020-03-06T05:00:00Z,7008,17.95
17.3,18.16,17.13,120,17.89,2020-03-09T04:00:00Z,7407,17.44
17.53,18.03,17.34,102,17.46,2020-03-10T04:00:00Z,6636,17.5
17.46,17.54,16.49,140,17.54,2020-03-11T04:00:00Z,14241,16.84
14.63,16.93,14.63,228,16.93,2020-03-12T04:00:00Z,18575,15.6
16.47,17.13,14.11,143,14.85,2020-03-13T04:00:00Z,11532,15.82
14.17,15.9,14.17,151,15.03,2020-03-16T04:00:00Z,7966,15.06
13.75,14.8,13.0,134,14.31,2020-03-17T04:00:00Z,20438,14.29
10.93,14.11,10.93,135,14.1,2020-03-18T04:00:00Z,17867,11.98
11.39,11.63,9.761,223,11.63,2020-03-19T04:00:00Z,31782,10.79
13.44,16.53,11.32,203,11.32,2020-03-20T04:00:00Z,19564,14.4
12.35,14.65,11.32,188,14.65,2020-03-23T04:00:00Z,13970,12.76
12.76,13.57,11.87,159,13.57,2020-03-24T04:00:00Z,22225,12.77
14.8,15.33,12.79,176,13.13,2020-03-25T04:00:00Z,12891,14.46
15.05,16.22,15.05,117,16.18,2020-03-26T04:00:00Z,11475,15.68
15.09,15.16,14.46,112,15.16,2020-03-27T04:00:00Z,10237,14.94
14.67,16.53,14.67,49,14.9,2020-03-30T04:00:00Z,2788,15.18
15.2,16.43,14.62,70,14.66,2020-03-31T04:00:00Z,10150,15.57
13.83,15.1,12.7,204,15.1,2020-04-01T04:00:00Z,22190,14.23
13.73,14.07,13.67,116,13.69,2020-04-02T04:00:00Z,5533,13.9
13.29,13.78,12.77,105,13.78,2020-04-03T04:00:00Z,8063,13.3
13.33,14.56,12.7,279,13.42,2020-04-06T04:00:00Z,45759,13.47
13.94,14.39,13.39,88,13.39,2020-04-07T04:00:00Z,11027,14.01
15.37,15.74,13.97,132,13.98,2020-04-08T04:00:00Z,19621,15.13
15.24,15.83,15.21,220,15.83,2020-04-09T04:00:00Z,28503,15.49
14.91,15.23,14.63,100,14.7,2020-04-13T04:00:00Z,11575,14.81
15.09,15.81,14.81,123,14.81,2020-04-14T04:00:00Z,23200,15.18
14.75,15.37,14.66,109,15.13,2020-04-15T04:00:00Z,25157,14.88
14.6,15.12,14.52,149,14.74,2020-04-16T04:00:00Z,28109,14.72
14.9,15.43,14.9,107,15.43,2020-04-17T04:00:00Z,13297,15.01
14.74,15.19,14.64,68,15.19,2020-04-20T04:00:00Z,10145,14.94
14.69,14.81,13.95,78,14.81,2020-04-21T04:00:00Z,4556,14.49
14.47,15.1,14.29,109,14.79,2020-04-22T04:00:00Z,11699,14.7
14.9,15.17,14.76,64,15.17,2020-04-23T04:00:00Z,3756,15.02
14.98,15.06,14.8,92,15.05,2020-04-24T04:00:00Z,8983,15.01
15.04,15.06,14.78,44,15.06,2020-04-27T04:00:00Z,3164,15.04
14.91,15.28,14.83,108,14.95,2020-04-28T04:00:00Z,14141,15.04
15.51,15.51,15.03,191,15.15,2020-04-29T04:00:00Z,27354,15.28
15.24,15.67,15.23,364,15.67,2020-04-30T04:00:00Z,59686,15.32
14.82,15.12,14.66,75,15.12,2020-05-01T04:00:00Z,6061,14.8
14.77,14.83,14.46,74,14.83,2020-05-04T04:00:00Z,5588,14.7
15.04,15.45,14.57,83,14.83,2020-05-05T04:00:00Z,9069,15.0
15.08,15.12,14.82,93,15.12,2020-05-06T04:00:00Z,11394,14.97
15.14,15.28,14.85,143,15.06,2020-05-07T04:00:00Z,17105,15.1
15.14,15.16,14.95,94,15.15,2020-05-08T04:00:00Z,14676,15.1
15.05,15.43,15.02,165,15.26,2020-05-11T04:00:00Z,15257,15.17
15.08,15.22,14.96,110,15.08,2020-05-12T04:00:00Z,11679,15.1
14.89,15.25,14.87,58,14.94,2020-05-13T04:00:00Z,4923,15.01
15.12,15.12,14.46,73,14.81,2020-05-14T04:00:00Z,5629,14.71
15.13,15.29,14.79,63,15.05,2020-05-15T04:00:00Z,6473,15.11
15.51,15.61,15.12,96,15.18,2020-05-18T04:00:00Z,11409,15.36
15.43,15.58,15.14,62,15.51,2020-05-19T04:00:00Z,6336,15.48
15.3,15.66,15.3,87,15.51,2020-05-20T04:00:00Z,7841,15.55
15.75,15.76,15.07,85,15.48,2020-05-21T04:00:00Z,12790,15.64
15.59,15.76,15.07,58,15.76,2020-05-22T04:00:00Z,4288,15.4
16.04,16.2,15.59,92,15.62,2020-05-26T04:00:00Z,15286,15.84
16.08,16.21,15.39,48,16.21,2020-05-27T04:00:00Z,4913,15.89
16.24,16.27,15.86,62,16.2,2020-05-28T04:00:00Z,5019,16.1
15.92,16.27,15.84,71,16.15,2020-05-29T04:00:00Z,8052,16.03
16.04,16.17,15.93,100,16.07,2020-06-01T04:00:00Z,13242,16.07
16.1,16.27,15.84,148,16.17,2020-06-02T04:00:00Z,21041,16.1
16.3,16.31,16.09,103,16.27,2020-06-03T04:00:00Z,11314,16.22
16.22,16.27,16.07,76,16.27,2020-06-04T04:00:00Z,8736,16.16
16.18,16.39,16.15,95,16.34,2020-06-05T04:00:00Z,10215,16.24
16.25,16.25,15.96,107,16.19,2020-06-08T04:00:00Z,9186,16.18
16.13,16.24,15.85,120,16.24,2020-06-09T04:00:00Z,17279,16.12
15.96,16.33,15.84,106,16.33,2020-06-10T04:00:00Z,6327,15.99
15.02,16.14,15.0,96,15.83,2020-06-11T04:00:00Z,11286,15.64
15.09,15.85,15.05,95,15.85,2020-06-12T04:00:00Z,10781,15.32
15.19,15.66,15.01,61,15.01,2020-06-15T04:00:00Z,7237,15.14
15.37,15.83,15.13,88,15.83,2020-06-16T04:00:00Z,9555,15.42
15.29,15.67,15.21,106,15.46,2020-06-17T04:00:00Z,13839,15.49
15.4,15.4,15.13,72,15.29,2020-06-18T04:00:00Z,7785,15.33
15.53,15.59,15.45,30,15.56,2020-06-19T04:00:00Z,2617,15.56
16.01,16.01,15.57,49,15.57,2020-06-22T04:00:00Z,3972,15.74
15.51,15.94,15.51,200,15.94,2020-06-23T04:00:00Z,25859,15.61
15.27,15.69,15.21,47,15.69,2020-06-24T04:00:00Z,6672,15.31
15.33,15.64,15.16,121,15.16,2020-06-25T04:00:00Z,14854,15.33
15.61,15.69,15.31,31,15.42,2020-06-26T04:00:00Z,3519,15.51
15.68,15.89,15.67,61,15.81,2020-06-29T04:00:00Z,3655,15.74
15.69,16.09,15.52,106,15.82,2020-06-30T04:00:00Z,9496,15.77
15.57,15.84,15.57,62,15.84,2020-07-01T04:00:00Z,11814,15.71
15.59,15.76,15.55,55,15.76,2020-07-02T04:00:00Z,4484,15.63
15.71,15.94,15.48,78,15.48,2020-07-06T04:00:00Z,14776,15.74
15.62,15.8,15.51,47,15.8,2020-07-07T04:00:00Z,4673,15.65
15.84,15.9,15.59,66,15.69,2020-07-08T04:00:00Z,9607,15.78
15.55,15.87,15.52,70,15.76,2020-07-09T04:00:00Z,5118,15.79
15.41,15.69,15.36,155,15.69,2020-07-10T04:00:00Z,15679,15.44
14.92,15.55,14.92,180,15.48,2020-07-13T04:00:00Z,33405,15.26
14.9,15.35,14.8,95,15.1,2020-07-14T04:00:00Z,10416,14.94
15.12,15.34,14.92,186,15.0,2020-07-15T04:00:00Z,35404,15.1
15.33,15.33,14.98,153,15.1,2020-07-16T04:00:00Z,21585,15.12
15.19,15.33,15.05,49,15.31,2020-07-17T04:00:00Z,8428,15.2
15.26,15.33,15.25,33,15.28,2020-07-20T04:00:00Z,3313,15.28
15.48,15.76,15.08,58,15.32,2020-07-21T04:00:00Z,7807,15.41
15.41,15.55,15.27,59,15.55,2020-07-22T04:00:00Z,4793,15.4
15.33,15.51,15.3,113,15.51,2020-07-23T04:00:00Z,9477,15.37
15.33,15.46,15.3,247,15.46,2020-07-24T04:00:00Z,34809,15.37
15.55,15.6,15.37,180,15.44,2020-07-27T04:00:00Z,20753,15.47
15.78,15.8,15.55,168,15.67,2020-07-28T04:00:00Z,36470,15.74
16.39,16.43,15.81,172,15.81,2020-07-29T04:00:00Z,18912,16.06
16.75,16.97,16.34,84,16.39,2020-07-30T04:00:00Z,8071,16.54
16.76,16.77,16.41,90,16.72,2020-07-31T04:00:00Z,9615,16.72
16.45,16.98,16.17,60,16.67,2020-08-03T04:00:00Z,9636,16.72
16.82,16.82,16.39,67,16.62,2020-08-04T04:00:00Z,7556,16.63
17.05,17.26,16.8,116,16.82,2020-08-05T04:00:00Z,16185,17.02
16.66,17.07,16.49,124,17.06,2020-08-06T04:00:00Z,13953,16.79
16.39,17.18,16.27,103,16.75,2020-08-07T04:00:00Z,10491,16.53
16.93,16.93,16.48,88,16.62,2020-08-10T04:00:00Z,13699,16.65
17.27,17.34,17.05,149,17.05,2020-08-11T04:00:00Z,20209,17.21
17.24,17.36,17.2,61,17.27,2020-08-12T04:00:00Z,6045,17.24
17.23,17.38,17.08,100,17.37,2020-08-13T04:00:00Z,11425,17.22
17.34,17.34,17.1,109,17.32,2020-08-14T04:00:00Z,8400,17.24
17.41,17.42,17.3,51,17.3,2020-08-17T04:00:00Z,7662,17.38
17.66,17.66,17.38,72,17.38,2020-08-18T04:00:00Z,10809,17.48
17.61,17.84,17.44,85,17.7,2020-08-19T04:00:00Z,15816,17.61
17.47,17.69,17.36,73,17.69,2020-08-20T04:00:00Z,8989,17.44
17.53,17.53,17.46,49,17.53,2020-08-21T04:00:00Z,3251,17.5
17.51,17.66,17.23,129,17.66,2020-08-24T04:00:00Z,15216,17.46
17.43,17.45,17.08,73,17.24,2020-08-25T04:00:00Z,7449,17.23
17.51,17.76,17.25,97,17.76,2020-08-26T04:00:00Z,12510,17.43
17.37,17.56,17.28,81,17.56,2020-08-27T04:00:00Z,9958,17.38
17.86,17.86,17.36,173,17.38,2020-08-28T04:00:00Z,31919,17.63
17.49,17.91,17.44,451,17.85,2020-08-31T04:00:00Z,84078,17.58
17.56,17.69,17.49,144,17.69,2020-09-01T04:00:00Z,29815,17.55
17.56,17.7,17.3,158,17.7,2020-09-02T04:00:00Z,22542,17.53
17.56,17.56,17.34,136,17.45,2020-09-03T04:00:00Z,15821,17.45
17.56,17.67,17.23,78,17.55,2020-09-04T04:00:00Z,11060,17.52
17.38,17.56,17.11,98,17.47,2020-09-08T04:00:00Z,12203,17.42
17.65,17.73,17.14,59,17.56,2020-09-09T04:00:00Z,6137,17.5
17.55,17.76,17.5,62,17.76,2020-09-10T04:00:00Z,6779,17.59
17.61,17.72,17.61,69,17.71,2020-09-11T04:00:00Z,4905,17.68
17.67,17.98,17.67,29,17.98,2020-09-14T04:00:00Z,5483,17.77
17.88,17.95,17.84,118,17.95,2020-09-15T04:00:00Z,16231,17.9
17.86,18.15,17.86,71,17.94,2020-09-16T04:00:00Z,12687,18.01
17.84,17.95,17.68,75,17.68,2020-09-17T04:00:00Z,11863,17.82
17.94,18.05,17.94,34,17.96,2020-09-18T04:00:00Z,3204,18.0
17.85,17.96,17.05,38,17.91,2020-09-21T04:00:00Z,4064,17.66
17.96,17.96,17.57,37,17.93,2020-09-22T04:00:00Z,4965,17.86
17.82,17.93,17.61,97,17.9,2020-09-23T04:00:00Z,6381,17.78
17.67,17.86,17.63,127,17.75,2020-09-24T04:00:00Z,24726,17.71
17.73,17.8,17.58,98,17.8,2020-09-25T04:00:00Z,15900,17.72
17.93,18.08,17.71,97,17.73,2020-09-28T04:00:00Z,12895,17.83
18.02,18.08,17.86,82,18.06,2020-09-29T04:00:00Z,8249,18.01
18.23,18.23,17.94,64,18.04,2020-09-30T04:00:00Z,9912,18.09
17.88,18.3,17.84,180,18.17,2020-10-01T04:00:00Z,20623,18.05
17.96,18.11,17.78,132,18.11,2020-10-02T04:00:00Z,9829,17.94
17.81,18.05,17.75,111,18.04,2020-10-05T04:00:00Z,8584,17.89
17.96,18.07,17.72,77,17.85,2020-10-06T04:00:00Z,9084,17.88
18.33,18.35,17.86,86,18.06,2020-10-07T04:00:00Z,10911,18.19
18.03,18.31,18.03,94,18.24,2020-10-08T04:00:00Z,12652,18.24
18.33,18.35,18.16,45,18.18,2020-10-09T04:00:00Z,3738,18.25
18.15,18.35,18.02,86,18.33,2020-10-12T04:00:00Z,11281,18.14
18.28,18.28,18.02,66,18.23,2020-10-13T04:00:00Z,5826,18.1
18.02,18.2,17.99,59,18.2,2020-10-14T04:00:00Z,3999,18.05
18.47,18.47,17.95,110,17.95,2020-10-15T04:00:00Z,20743,18.24
18.2,18.55,18.17,56,18.31,2020-10-16T04:00:00Z,8828,18.28
18.2,18.36,18.2,49,18.2,2020-10-19T04:00:00Z,6704,18.23
18.27,18.34,18.15,45,18.17,2020-10-20T04:00:00Z,6515,18.2
17.99,18.3,17.9,86,18.3,2020-10-21T04:00:00Z,9152,18.09
18.06,18.16,17.99,45,18.15,2020-10-22T04:00:00Z,2347,18.09
18.14,18.22,18.05,90,18.2,2020-10-23T04:00:00Z,15305,18.17
18.08,18.12,18.04,62,18.1,2020-10-26T04:00:00Z,6750,18.08
18.07,18.41,18.06,107,18.16,2020-10-27T04:00:00Z,15476,18.16
17.69,18.12,17.69,110,17.98,2020-10-28T04:00:00Z,15941,17.83
17.53,17.74,17.53,63,17.66,2020-10-29T04:00:00Z,9932,17.62
17.53,17.84,17.4,43,17.55,2020-10-30T04:00:00Z,3083,17.61
17.48,17.64,17.27,147,17.59,2020-11-02T05:00:00Z,20093,17.42
17.59,18.25,17.59,157,17.73,2020-11-03T05:00:00Z,28253,17.87
17.83,18.11,17.8,131,18.06,2020-11-04T05:00:00Z,23072,17.92
18.0,18.07,17.92,35,17.92,2020-11-05T05:00:00Z,1188,17.98
18.02,18.09,17.99,58,18.07,2020-11-06T05:00:00Z,3763,18.02
18.54,18.61,18.07,121,18.13,2020-11-09T05:00:00Z,10692,18.2
18.07,18.41,18.07,159,18.41,2020-11-10T05:00:00Z,22997,18.18
18.09,18.33,18.04,63,18.04,2020-11-11T05:00:00Z,3596,18.14
18.16,18.21,18.02,69,18.05,2020-11-12T05:00:00Z,3077,18.14
18.33,18.33,18.19,59,18.25,2020-11-13T05:00:00Z,3319,18.3
18.27,18.36,18.06,141,18.12,2020-11-16T05:00:00Z,15204,18.2
18.2,18.52,18.2,118,18.21,2020-11-17T05:00:00Z,7362,18.37
18.53,18.53,18.17,68,18.17,2020-11-18T05:00:00Z,4565,18.41
18.72,18.78,18.35,55,18.51,2020-11-19T05:00:00Z,6895,18.54
18.67,18.78,18.56,45,18.56,2020-11-20T05:00:00Z,2761,18.67
18.9,18.9,18.46,52,18.69,2020-11-23T05:00:00Z,2194,18.8
18.9,19.01,18.89,38,19.01,2020-11-24T05:00:00Z,2136,18.93
18.6,18.74,18.41,82,18.74,2020-11-25T05:00:00Z,4335,18.58
18.71,18.83,18.62,47,18.71,2020-11-27T05:00:00Z,2943,18.74
18.53,18.66,18.47,179,18.62,2020-11-30T05:00:00Z,4249,18.54
18.67,18.84,18.44,64,18.47,2020-12-01T05:00:00Z,2868,18.63
18.47,18.56,18.44,81,18.49,2020-12-02T05:00:00Z,10253,18.51
18.76,18.76,18.47,94,18.53,2020-12-03T05:00:00Z,6576,18.56
18.49,18.87,18.42,95,18.57,2020-12-04T05:00:00Z,4482,18.58
18.68,18.86,18.46,81,18.46,2020-12-07T05:00:00Z,5720,18.62
18.86,18.86,18.48,118,18.48,2020-12-08T05:00:00Z,10598,18.67
18.67,18.77,18.53,115,18.73,2020-12-09T05:00:00Z,8782,18.6
18.64,18.75,18.49,51,18.58,2020-12-10T05:00:00Z,2212,18.62
18.69,18.75,18.57,55,18.57,2020-12-11T05:00:00Z,3494,18.64
18.92,18.92,18.63,45,18.8,2020-12-14T05:00:00Z,4679,18.72
19.2,19.21,18.79,66,18.79,2020-12-15T05:00:00Z,3170,18.93
18.83,19.13,18.83,57,19.01,2020-12-16T05:00:00Z,3908,18.93
18.94,19.18,18.88,86,18.88,2020-12-17T05:00:00Z,3986,19.0
18.79,19.08,18.73,84,18.84,2020-12-18T05:00:00Z,3006,18.89
19.04,19.16,18.52,113,18.56,2020-12-21T05:00:00Z,6956,19.05
18.89,19.14,18.87,77,18.87,2020-12-22T05:00:00Z,5675,19.02
18.9,19.23,18.77,59,18.77,2020-12-23T05:00:00Z,3303,18.94
18.82,19.04,18.76,97,19.01,2020-12-24T05:00:00Z,15433,18.85
18.68,18.93,18.68,103,18.93,2020-12-28T05:00:00Z,8410,18.79
18.7,18.84,18.67,87,18.7,2020-12-29T05:00:00Z,8031,18.74
18.8,18.84,18.69,78,18.79,2020-12-30T05:00:00Z,9433,18.76
19.29,19.29,18.79,116,18.79,2020-12-31T05:00:00Z,12856,19.02
19.14,19.49,19.07,57,19.49,2021-01-04T05:00:00Z,4209,19.3
19.26,19.26,19.08,30,19.08,2021-01-05T05:00:00Z,4700,19.1
18.98,19.15,18.67,82,19.15,2021-01-06T05:00:00Z,8370,18.9
18.83,19.12,18.74,49,19.12,2021-01-07T05:00:00Z,4758,18.88
18.87,18.95,18.76,31,18.93,2021-01-08T05:00:00Z,1554,18.87
18.9,18.9,18.63,82,18.68,2021-01-11T05:00:00Z,4371,18.73
18.67,18.75,18.52,96,18.75,2021-01-12T05:00:00Z,7545,18.63
18.74,18.81,18.54,80,18.54,2021-01-13T05:00:00Z,14211,18.63
18.76,18.85,18.64,88,18.64,2021-01-14T05:00:00Z,6569,18.78
18.85,18.96,18.63,69,18.63,2021-01-15T05:00:00Z,5617,18.87
18.78,18.82,18.75,36,18.82,2021-01-19T05:00:00Z,1426,18.78
18.8,18.8,18.7,97,18.7,2021-01-20T05:00:00Z,4619,18.74
18.92,18.96,18.76,57,18.76,2021-01-21T05:00:00Z,3866,18.86
18.94,18.94,18.81,43,18.94,2021-01-22T05:00:00Z,2494,18.92
18.94,18.94,18.83,57,18.94,2021-01-25T05:00:00Z,4205,18.93
18.85,18.85,18.81,47,18.81,2021-01-26T05:00:00Z,1119,18.83
18.67,18.9,18.64,109,18.76,2021-01-27T05:00:00Z,4706,18.71
18.79,18.92,18.68,45,18.68,2021-01-28T05:00:00Z,1839,18.78
18.85,18.91,18.65,90,18.65,2021-01-29T05:00:00Z,10524,18.79
18.79,18.87,18.79,54,18.79,2021-02-01T05:00:00Z,3000,18.79
18.81,18.81,18.72,22,18.72,2021-02-02T05:00:00Z,957,18.78
18.75,18.84,18.67,86,18.68,2021-02-03T05:00:00Z,2664,18.75
18.78,18.91,18.78,55,18.79,2021-02-04T05:00:00Z,1795,18.82
18.86,18.92,18.82,59,18.82,2021-02-05T05:00:00Z,3436,18.88
18.85,18.85,18.68,50,18.75,2021-02-08T05:00:00Z,3321,18.78
18.83,18.89,18.83,43,18.89,2021-02-09T05:00:00Z,2363,18.85
18.84,18.97,18.84,101,18.84,2021-02-10T05:00:00Z,2644,18.94
18.73,18.81,18.68,130,18.74,2021-02-11T05:00:00Z,9495,18.72
18.63,18.69,18.62,132,18.67,2021-02-12T05:00:00Z,6385,18.66
18.63,18.78,18.63,122,18.63,2021-02-16T05:00:00Z,10936,18.69
18.71,18.86,18.62,81,18.62,2021-02-17T05:00:00Z,10170,18.74
18.73,18.73,18.63,45,18.63,2021-02-18T05:00:00Z,2846,18.65
18.67,18.75,18.65,56,18.65,2021-02-19T05:00:00Z,3575,18.68
18.66,18.68,18.63,83,18.64,2021-02-22T05:00:00Z,4677,18.65
18.74,18.74,18.6,80,18.63,2021-02-23T05:00:00Z,7501,18.69
18.7,18.78,18.63,61,18.74,2021-02-24T05:00:00Z,6164,18.69
18.44,18.65,18.24,159,18.6,2021-02-25T05:00:00Z,10287,18.5
18.57,18.78,18.52,172,18.56,2021-02-26T05:00:00Z,9191,18.61
18.69,18.69,18.57,134,18.57,2021-03-01T05:00:00Z,4794,18.62
18.63,18.69,18.54,74,18.54,2021-03-02T05:00:00Z,3339,18.61
18.76,18.83,18.59,58,18.59,2021-03-03T05:00:00Z,2618,18.7
18.62,18.82,18.62,66,18.62,2021-03-04T05:00:00Z,6000,18.72
18.8,18.83,18.58,123,18.62,2021-03-05T05:00:00Z,10522,18.71
18.82,18.82,18.6,67,18.68,2021-03-08T05:00:00Z,6725,18.69
18.94,18.94,18.68,86,18.68,2021-03-09T05:00:00Z,11639,18.81
19.12,19.12,18.75,65,18.94,2021-03-10T05:00:00Z,4998,18.95
19.15,19.15,18.89,78,19.02,2021-03-11T05:00:00Z,5361,19.02
19.02,19.17,18.88,72,19.16,2021-03-12T05:00:00Z,4657,19.0
19.15,19.15,18.99,118,19.03,2021-03-15T04:00:00Z,6232,19.05
19.2,19.26,19.03,71,19.04,2021-03-16T04:00:00Z,4946,19.07
19.06,19.13,19.04,34,19.13,2021-03-17T04:00:00Z,1623,19.06
18.96,19.01,18.89,56,18.94,2021-03-18T04:00:00Z,7084,18.96
19.06,19.07,18.78,62,18.78,2021-03-19T04:00:00Z,7412,18.93
18.96,19.18,18.96,60,19.11,2021-03-22T04:00:00Z,4502,19.13
19.2,19.2,18.95,34,18.95,2021-03-23T04:00:00Z,2165,19.03
19.18,19.26,18.99,137,19.23,2021-03-24T04:00:00Z,4902,19.19
19.14,19.14,19.07,47,19.12,2021-03-25T04:00:00Z,2236,19.09
19.04,19.14,19.03,66,19.08,2021-03-26T04:00:00Z,7048,19.07
18.96,19.08,18.94,120,19.05,2021-03-29T04:00:00Z,9508,19.02
19.11,19.18,18.97,88,18.97,2021-03-30T04:00:00Z,4764,19.07
19.26,19.26,19.08,80,19.08,2021-03-31T04:00:00Z,2934,19.17
19.22,19.22,19.17,70,19.17,2021-04-01T04:00:00Z,3185,19.21
19.36,19.36,19.23,111,19.23,2021-04-05T04:00:00Z,6002,19.32
19.29,19.37,19.14,102,19.31,2021-04-06T04:00:00Z,3910,19.27
19.16,19.37,19.16,67,19.29,2021-04-07T04:00:00Z,3391,19.27
19.34,19.37,19.15,53,19.28,2021-04-08T04:00:00Z,2166,19.28
19.39,19.39,19.26,36,19.32,2021-04-09T04:00:00Z,1113,19.31
19.3,19.35,19.22,36,19.35,2021-04-12T04:00:00Z,1530,19.25
19.32,19.36,19.06,57,19.26,2021-04-13T04:00:00Z,5289,19.26
19.28,19.28,19.19,42,19.19,2021-04-14T04:00:00Z,815,19.24
19.28,19.28,19.14,48,19.18,2021-04-15T04:00:00Z,4274,19.24
19.4,19.42,19.22,40,19.26,2021-04-16T04:00:00Z,2150,19.34
19.2,19.26,19.2,48,19.26,2021-04-19T04:00:00Z,4791,19.24
19.28,19.3,19.25,41,19.29,2021-04-20T04:00:00Z,1958,19.28
19.26,19.32,19.22,36,19.27,2021-04-21T04:00:00Z,2940,19.25
19.33,19.33,19.2,28,19.28,2021-04-22T04:00:00Z,1242,19.26
19.4,19.54,19.34,56,19.54,2021-04-23T04:00:00Z,4047,19.45
19.33,19.35,19.29,27,19.35,2021-04-26T04:00:00Z,1595,19.32
19.24,19.34,19.23,51,19.34,2021-04-27T04:00:00Z,3513,19.28
19.22,19.31,19.14,84,19.16,2021-04-28T04:00:00Z,3419,19.2
19.21,19.31,19.19,44,19.21,2021-04-29T04:00:00Z,2700,19.24
19.22,19.42,19.08,84,19.42,2021-04-30T04:00:00Z,8911,19.13
19.19,19.35,19.08,59,19.08,2021-05-03T04:00:00Z,2230,19.22
19.18,19.31,19.17,55,19.17,2021-05-04T04:00:00Z,2226,19.21
19.24,19.25,19.24,34,19.25,2021-05-05T04:00:00Z,996,19.24
19.18,19.18,19.11,38,19.11,2021-05-06T04:00:00Z,1993,19.15
19.22,19.25,19.16,69,19.19,2021-05-07T04:00:00Z,2589,19.19
19.15,19.19,19.15,38,19.16,2021-05-10T04:00:00Z,1481,19.17
19.03,19.07,19.03,63,19.07,2021-05-11T04:00:00Z,4494,19.06
18.92,19.06,18.92,78,18.96,2021-05-12T04:00:00Z,5380,18.95
18.92,18.99,18.86,27,18.92,2021-05-13T04:00:00Z,3126,18.94
19.11,19.11,19.03,29,19.03,2021-05-14T04:00:00Z,1863,19.04
19.06,19.14,19.06,39,19.07,2021-05-17T04:00:00Z,1031,19.09
19.11,19.11,19.03,23,19.03,2021-05-18T04:00:00Z,1069,19.08
19.15,19.2,18.96,46,18.96,2021-05-19T04:00:00Z,5982,19.11
19.15,19.23,19.12,55,19.19,2021-05-20T04:00:00Z,6642,19.16
19.2,19.25,19.09,58,19.18,2021-05-21T04:00:00Z,3819,19.21
19.17,19.3,19.17,51,19.3,2021-05-24T04:00:00Z,2350,19.24
19.26,19.28,19.11,54,19.19,2021-05-25T04:00:00Z,2627,19.17
19.18,19.21,19.17,41,19.19,2021-05-26T04:00:00Z,2116,19.19
19.22,19.24,19.15,46,19.24,2021-05-27T04:00:00Z,2289,19.2
19.44,19.44,19.29,55,19.29,2021-05-28T04:00:00Z,4850,19.41
19.52,19.54,19.33,71,19.37,2021-06-01T04:00:00Z,1958,19.42
19.67,19.73,19.41,63,19.41,2021-06-02T04:00:00Z,5500,19.61
19.51,19.59,19.35,64,19.59,2021-06-03T04:00:00Z,4040,19.49
19.45,19.5,19.45,48,19.48,2021-06-04T04:00:00Z,3081,19.48
19.48,19.56,19.48,21,19.56,2021-06-07T04:00:00Z,652,19.53
19.57,19.58,19.54,46,19.54,2021-06-08T04:00:00Z,3205,19.57
19.69,19.69,19.54,53,19.54,2021-06-09T04:00:00Z,2754,19.57
19.67,19.67,19.61,27,19.65,2021-06-10T04:00:00Z,1612,19.65
19.54,19.55,19.54,42,19.55,2021-06-11T04:00:00Z,1329,19.54
19.9,19.9,19.43,58,19.66,2021-06-14T04:00:00Z,4675,19.72
19.84,19.84,19.65,32,19.65,2021-06-15T04:00:00Z,1336,19.68
19.73,19.89,19.73,102,19.73,2021-06-16T04:00:00Z,7557,19.84
19.65,19.77,19.64,88,19.71,2021-06-17T04:00:00Z,6634,19.69
19.61,19.72,19.58,46,19.72,2021-06-18T04:00:00Z,3181,19.64
19.62,19.68,19.58,76,19.58,2021-06-21T04:00:00Z,4493,19.64
19.73,19.76,19.62,133,19.62,2021-06-22T04:00:00Z,4776,19.72
19.88,19.88,19.61,97,19.61,2021-06-23T04:00:00Z,6299,19.75
19.73,20.04,19.71,43,19.89,2021-06-24T04:00:00Z,3009,19.82
19.56,19.66,19.53,167,19.64,2021-06-25T04:00:00Z,12175,19.57
19.54,19.62,19.51,89,19.62,2021-06-28T04:00:00Z,5195,19.56
19.43,19.65,19.43,214,19.51,2021-06-29T04:00:00Z,13748,19.5
19.41,19.54,19.29,237,19.48,2021-06-30T04:00:00Z,49776,19.39
19.35,19.46,19.34,82,19.4,2021-07-01T04:00:00Z,6391,19.41
19.45,19.45,19.39,58,19.45,2021-07-02T04:00:00Z,2109,19.44
19.58,19.61,19.45,117,19.51,2021-07-06T04:00:00Z,7029,19.54
19.68,19.68,19.49,63,19.62,2021-07-07T04:00:00Z,2390,19.61
19.55,19.69,19.52,53,19.65,2021-07-08T04:00:00Z,3383,19.59
19.55,19.69,19.55,70,19.58,2021-07-09T04:00:00Z,4067,19.59
19.59,19.64,19.48,67,19.53,2021-07-12T04:00:00Z,5656,19.54
19.42,19.63,19.42,76,19.59,2021-07-13T04:00:00Z,5320,19.53
19.51,19.61,19.46,51,19.52,2021-07-14T04:00:00Z,3304,19.54
19.52,19.6,19.52,40,19.6,2021-07-15T04:00:00Z,1733,19.56
19.49,19.55,19.45,33,19.45,2021-07-16T04:00:00Z,1983,19.53
19.38,19.49,19.38,39,19.49,2021-07-19T04:00:00Z,992,19.44
19.52,19.57,19.49,33,19.5,2021-07-20T04:00:00Z,1633,19.51
19.52,19.56,19.49,72,19.56,2021-07-21T04:00:00Z,3825,19.52
19.56,19.58,19.47,50,19.51,2021-07-22T04:00:00Z,3025,19.52
19.59,19.59,19.47,53,19.47,2021-07-23T04:00:00Z,4919,19.5
19.58,19.58,19.58,49,19.58,2021-07-26T04:00:00Z,1132,19.58
19.69,19.69,19.41,96,19.41,2021-07-27T04:00:00Z,9036,19.56
19.76,19.76,19.66,73,19.66,2021-07-28T04:00:00Z,5591,19.71
19.79,19.79,19.68,99,19.68,2021-07-29T04:00:00Z,9302,19.75
19.92,19.92,19.82,98,19.85,2021-07-30T04:00:00Z,4668,19.89
20.05,20.07,19.92,119,19.96,2021-08-02T04:00:00Z,6119,20.02
19.95,20.03,19.89,75,20.0,2021-08-03T04:00:00Z,5544,19.98
19.92,19.96,19.89,80,19.95,2021-08-04T04:00:00Z,5254,19.93
19.96,19.96,19.95,84,19.95,2021-08-05T04:00:00Z,3378,19.96
20.02,20.02,19.95,109,19.96,2021-08-06T04:00:00Z,8806,19.97
20.01,20.01,19.99,33,20.0,2021-08-09T04:00:00Z,1992,20.0
19.75,19.95,19.75,47,19.94,2021-08-10T04:00:00Z,1307,19.87
19.8,19.91,19.7,29,19.7,2021-08-11T04:00:00Z,1377,19.82
19.76,19.91,19.7,71,19.7,2021-08-12T04:00:00Z,8633,19.77
19.89,19.89,19.71,113,19.89,2021-08-13T04:00:00Z,8183,19.76
19.71,19.9,19.52,57,19.69,2021-08-16T04:00:00Z,4054,19.63
19.81,19.91,19.61,59,19.7,2021-08-17T04:00:00Z,6662,19.72
19.62,19.85,19.55,82,19.55,2021-08-18T04:00:00Z,5321,19.64
19.68,19.85,19.67,36,19.67,2021-08-19T04:00:00Z,2421,19.72
19.71,19.74,19.6,62,19.71,2021-08-20T04:00:00Z,4175,19.69
19.73,19.73,19.69,30,19.69,2021-08-23T04:00:00Z,1012,19.71
19.72,19.76,19.68,65,19.68,2021-08-24T04:00:00Z,2983,19.71
19.76,19.77,19.56,60,19.77,2021-08-25T04:00:00Z,4496,19.73
19.65,19.75,19.58,34,19.75,2021-08-26T04:00:00Z,3097,19.64
19.73,19.73,19.63,85,19.73,2021-08-27T04:00:00Z,3363,19.71
19.73,19.73,19.6,55,19.68,2021-08-30T04:00:00Z,3301,19.65
19.77,19.77,19.68,64,19.68,2021-08-31T04:00:00Z,4902,19.74
19.85,19.98,19.73,134,19.73,2021-09-01T04:00:00Z,9437,19.77
19.8,20.01,19.7,113,19.92,2021-09-02T04:00:00Z,7669,19.8
19.68,19.86,19.67,51,19.74,2021-09-03T04:00:00Z,3004,19.73
19.73,19.95,19.67,45,19.95,2021-09-07T04:00:00Z,2973,19.78
19.95,19.95,19.63,49,19.64,2021-09-08T04:00:00Z,2412,19.71
19.75,19.94,19.61,126,19.77,2021-09-09T04:00:00Z,6454,19.77
19.68,19.96,19.67,65,19.7,2021-09-10T04:00:00Z,4182,19.74
19.68,19.79,19.68,75,19.68,2021-09-13T04:00:00Z,4492,19.73
19.67,19.84,19.65,45,19.75,2021-09-14T04:00:00Z,3664,19.71
19.63,19.68,19.56,148,19.56,2021-09-15T04:00:00Z,6990,19.62
19.63,19.76,19.62,93,19.63,2021-09-16T04:00:00Z,4228,19.68
19.62,19.68,19.62,53,19.64,2021-09-17T04:00:00Z,3193,19.65
19.39,19.56,19.31,158,19.56,2021-09-20T04:00:00Z,8802,19.39
19.48,19.6,19.41,177,19.42,2021-09-21T04:00:00Z,17918,19.5
19.48,19.62,19.43,220,19.48,2021-09-22T04:00:00Z,13444,19.5
19.59,19.65,19.43,224,19.55,2021-09-23T04:00:00Z,29044,19.56
19.42,19.57,19.41,100,19.57,2021-09-24T04:00:00Z,11196,19.49
19.35,19.42,19.34,198,19.42,2021-09-27T04:00:00Z,11353,19.36
19.2,19.41,19.09,217,19.32,2021-09-28T04:00:00Z,15459,19.21
19.31,19.47,19.24,182,19.29,2021-09-29T04:00:00Z,13696,19.34
19.55,19.55,19.27,146,19.33,2021-09-30T04:00:00Z,13811,19.41
19.36,19.63,19.3,72,19.63,2021-10-01T04:00:00Z,6564,19.45
19.27,19.43,19.22,225,19.32,2021-10-04T04:00:00Z,44116,19.29
19.32,19.38,19.27,172,19.29,2021-10-05T04:00:00Z,15946,19.32
19.28,19.42,19.27,110,19.32,2021-10-06T04:00:00Z,16600,19.34
19.49,19.49,19.34,60,19.37,2021-10-07T04:00:00Z,3639,19.41
19.39,19.52,19.28,82,19.28,2021-10-08T04:00:00Z,7047,19.36
19.35,19.42,19.31,50,19.39,2021-10-11T04:00:00Z,7215,19.36
19.33,19.42,19.32,84,19.35,2021-10-12T04:00:00Z,5916,19.37
19.57,19.57,19.28,199,19.39,2021-10-13T04:00:00Z,19653,19.39
19.61,19.62,19.36,86,19.52,2021-10-14T04:00:00Z,4450,19.52
19.4,19.53,19.4,34,19.53,2021-10-15T04:00:00Z,1373,19.45
19.42,19.61,19.42,102,19.59,2021-10-18T04:00:00Z,8512,19.53
19.52,19.58,19.46,65,19.58,2021-10-19T04:00:00Z,3793,19.5
19.52,19.65,19.46,67,19.46,2021-10-20T04:00:00Z,2549,19.52
19.54,19.58,19.35,72,19.5,2021-10-21T04:00:00Z,6705,19.48
19.56,19.6,19.51,73,19.54,2021-10-22T04:00:00Z,5468,19.57
19.54,19.54,19.35,55,19.5,2021-10-25T04:00:00Z,4390,19.47
19.65,19.65,19.51,105,19.51,2021-10-26T04:00:00Z,3758,19.6
19.54,19.68,19.54,172,19.55,2021-10-27T04:00:00Z,22693,19.55
19.49,19.64,19.42,130,19.45,2021-10-28T04:00:00Z,4758,19.5
19.83,19.91,19.36,215,19.54,2021-10-29T04:00:00Z,117699,19.79
19.91,19.91,19.56,145,19.79,2021-11-01T04:00:00Z,15966,19.78
20.04,20.04,19.75,112,19.86,2021-11-02T04:00:00Z,6785,19.89
20.08,20.08,19.86,51,19.94,2021-11-03T04:00:00Z,3299,19.95
20.09,20.17,19.93,160,20.11,2021-11-04T04:00:00Z,9945,20.08
20.43,20.43,19.97,110,20.1,2021-11-05T04:00:00Z,8064,20.1
19.96,20.29,19.96,94,20.17,2021-11-08T05:00:00Z,9099,20.13
20.07,20.11,19.94,45,20.08,2021-11-09T05:00:00Z,3189,20.0
19.65,19.94,19.65,46,19.94,2021-11-10T05:00:00Z,3724,19.82
19.6,19.78,19.6,49,19.69,2021-11-11T05:00:00Z,2305,19.71
19.6,19.76,19.56,46,19.67,2021-11-12T05:00:00Z,1777,19.63
19.66,20.01,19.58,50,19.81,2021-11-15T05:00:00Z,6029,19.77
19.58,19.82,19.58,112,19.77,2021-11-16T05:00:00Z,3364,19.66
19.6,19.86,19.58,50,19.58,2021-11-17T05:00:00Z,2836,19.62
19.59,19.88,19.58,41,19.58,2021-11-18T05:00:00Z,1732,19.63
19.73,19.84,19.72,23,19.72,2021-11-19T05:00:00Z,1185,19.76
19.7,19.84,19.7,71,19.72,2021-11-22T05:00:00Z,4553,19.78
19.71,19.75,19.66,73,19.75,2021-11-23T05:00:00Z,3090,19.71
19.6,19.61,19.54,116,19.54,2021-11-24T05:00:00Z,7142,19.55
19.38,19.58,19.35,58,19.58,2021-11-26T05:00:00Z,4616,19.49
19.45,19.53,19.39,55,19.4,2021-11-29T05:00:00Z,4845,19.45
19.35,19.5,19.35,81,19.39,2021-11-30T05:00:00Z,8992,19.4
19.46,19.56,19.39,39,19.5,2021-12-01T05:00:00Z,1927,19.47
19.56,19.57,19.35,61,19.35,2021-12-02T05:00:00Z,3222,19.5
19.57,19.57,19.41,36,19.45,2021-12-03T05:00:00Z,1904,19.46
19.52,19.57,19.47,60,19.52,2021-12-06T05:00:00Z,2585,19.49
19.77,19.8,19.58,109,19.58,2021-12-07T05:00:00Z,6607,19.72
19.86,19.88,19.74,46,19.81,2021-12-08T05:00:00Z,2841,19.82
19.69,19.85,19.69,66,19.81,2021-12-09T05:00:00Z,4762,19.75
19.56,19.79,19.56,41,19.79,2021-12-10T05:00:00Z,1806,19.67
19.71,19.71,19.51,114,19.55,2021-12-13T05:00:00Z,4326,19.61
19.73,19.73,19.62,69,19.66,2021-12-14T05:00:00Z,3849,19.67
19.61,19.7,19.61,62,19.7,2021-12-15T05:00:00Z,2540,19.63
19.61,19.71,19.61,139,19.7,2021-12-16T05:00:00Z,6019,19.68
19.57,19.73,19.57,69,19.73,2021-12-17T05:00:00Z,4965,19.66
19.64,19.65,19.54,79,19.56,2021-12-20T05:00:00Z,4779,19.62
19.65,19.7,19.57,59,19.67,2021-12-21T05:00:00Z,4460,19.67
19.78,19.79,19.66,135,19.71,2021-12-22T05:00:00Z,3114,19.7
19.71,19.77,19.71,55,19.77,2021-12-23T05:00:00Z,1843,19.73
19.72,19.72,19.65,107,19.68,2021-12-27T05:00:00Z,29853,19.67
19.69,19.75,19.65,77,19.75,2021-12-28T05:00:00Z,9639,19.69
19.73,19.73,19.65,49,19.69,2021-12-29T05:00:00Z,2879,19.7
19.74,19.79,19.74,68,19.79,2021-12-30T05:00:00Z,2634,19.77
19.76,19.79,19.67,58,19.67,2021-12-31T05:00:00Z,5598,19.72
19.7,19.76,19.7,79,19.76,2022-01-03T05:00:00Z,7272,19.75
19.69,19.74,19.67,56,19.74,2022-01-04T05:00:00Z,2703,19.7
19.48,19.71,19.46,120,19.69,2022-01-05T05:00:00Z,8169,19.65
19.57,19.67,19.46,94,19.46,2022-01-06T05:00:00Z,4829,19.56
19.69,19.69,19.55,52,19.57,2022-01-07T05:00:00Z,2516,19.64
19.6,19.66,19.55,91,19.66,2022-01-10T05:00:00Z,6854,19.57
19.61,19.71,19.55,115,19.58,2022-01-11T05:00:00Z,5187,19.61
19.61,19.69,19.59,45,19.59,2022-01-12T05:00:00Z,5028,19.61
19.69,19.74,19.61,60,19.61,2022-01-13T05:00:00Z,4528,19.72
19.68,19.75,19.58,92,19.59,2022-01-14T05:00:00Z,1717,19.64
19.56,19.78,19.56,84,19.78,2022-01-18T05:00:00Z,3611,19.69
19.62,19.73,19.59,61,19.73,2022-01-19T05:00:00Z,3558,19.63
19.65,19.75,19.63,50,19.63,2022-01-20T05:00:00Z,2939,19.67
19.65,19.65,19.55,41,19.59,2022-01-21T05:00:00Z,4832,19.62
19.71,19.71,19.49,91,19.6,2022-01-24T05:00:00Z,3632,19.6
19.57,19.67,19.49,74,19.49,2022-01-25T05:00:00Z,4054,19.61
19.48,19.61,19.48,74,19.48,2022-01-26T05:00:00Z,3913,19.52
19.35,19.67,19.28,149,19.48,2022-01-27T05:00:00Z,10174,19.46
19.45,19.45,19.22,105,19.22,2022-01-28T05:00:00Z,6843,19.35
19.34,19.48,19.33,54,19.44,2022-01-31T05:00:00Z,4578,19.35
19.56,19.56,19.47,47,19.51,2022-02-01T05:00:00Z,2181,19.5
19.3,19.59,19.3,162,19.47,2022-02-02T05:00:00Z,5819,19.46
19.41,19.45,18.99,162,19.38,2022-02-03T05:00:00Z,10988,19.35
19.37,19.43,19.18,113,19.43,2022-02-04T05:00:00Z,3898,19.34
19.43,19.48,19.12,119,19.38,2022-02-07T05:00:00Z,13588,19.34
19.26,19.42,19.2,127,19.41,2022-02-08T05:00:00Z,10549,19.32
19.49,19.51,19.37,121,19.41,2022-02-09T05:00:00Z,11198,19.44
19.23,19.44,19.23,110,19.38,2022-02-10T05:00:00Z,4409,19.35
19.39,19.49,19.26,88,19.26,2022-02-11T05:00:00Z,3678,19.32
19.25,19.26,19.1,106,19.1,2022-02-14T05:00:00Z,9707,19.19
19.36,19.41,19.18,90,19.37,2022-02-15T05:00:00Z,6594,19.3
19.38,19.46,19.34,149,19.35,2022-02-16T05:00:00Z,7739,19.37
19.38,19.41,19.33,47,19.33,2022-02-17T05:00:00Z,2413,19.37
19.2,19.36,19.2,66,19.33,2022-02-18T05:00:00Z,3286,19.3
19.24,19.41,19.18,77,19.25,2022-02-22T05:00:00Z,6399,19.23
19.24,19.26,19.18,54,19.18,2022-02-23T05:00:00Z,4382,19.23
19.19,19.22,19.1,88,19.14,2022-02-24T05:00:00Z,9776,19.14
19.21,19.41,19.18,55,19.26,2022-02-25T05:00:00Z,4427,19.25
19.19,19.41,19.19,72,19.38,2022-02-28T05:00:00Z,6163,19.25
19.38,19.41,19.23,65,19.34,2022-03-01T05:00:00Z,4627,19.35
19.27,19.4,19.27,90,19.36,2022-03-02T05:00:00Z,8060,19.36
19.23,19.38,19.23,80,19.27,2022-03-03T05:00:00Z,14180,19.27
19.58,19.59,19.33,67,19.35,2022-03-04T05:00:00Z,3055,19.4
19.21,19.36,19.21,60,19.36,2022-03-07T05:00:00Z,2340,19.28
19.25,19.39,19.22,84,19.23,2022-03-08T05:00:00Z,5539,19.27
19.25,19.35,19.25,46,19.25,2022-03-09T05:00:00Z,3090,19.29
19.32,19.37,19.22,60,19.26,2022-03-10T05:00:00Z,6603,19.24
19.3,19.44,19.24,74,19.24,2022-03-11T05:00:00Z,4984,19.34
19.15,19.37,19.14,198,19.26,2022-03-14T04:00:00Z,20448,19.25
19.14,19.28,19.12,62,19.15,2022-03-15T04:00:00Z,3391,19.15
19.18,19.22,19.11,118,19.15,2022-03-16T04:00:00Z,11645,19.15
19.31,19.38,19.13,75,19.25,2022-03-17T04:00:00Z,6827,19.28
19.35,19.52,19.12,111,19.12,2022-03-18T04:00:00Z,7709,19.43
19.45,19.49,19.4,66,19.49,2022-03-21T04:00:00Z,2913,19.45
19.46,19.48,19.19,83,19.19,2022-03-22T04:00:00Z,4955,19.38
19.38,19.48,19.37,160,19.44,2022-03-23T04:00:00Z,9309,19.46
19.48,19.48,19.45,85,19.45,2022-03-24T04:00:00Z,3999,19.46
19.52,19.52,19.45,81,19.48,2022-03-25T04:00:00Z,6588,19.49
19.52,19.58,19.49,66,19.58,2022-03-28T04:00:00Z,5184,19.57
19.59,19.65,19.58,72,19.58,2022-03-29T04:00:00Z,2896,19.6
19.69,19.69,19.61,57,19.69,2022-03-30T04:00:00Z,6245,19.68
19.65,19.83,19.63,71,19.69,2022-03-31T04:00:00Z,5593,19.67
19.81,19.84,19.56,68,19.65,2022-04-01T04:00:00Z,24061,19.65
19.68,19.7,19.58,43,19.58,2022-04-04T04:00:00Z,1967,19.67
19.61,19.68,19.55,87,19.58,2022-04-05T04:00:00Z,6224,19.59
19.58,19.67,19.47,77,19.51,2022-04-06T04:00:00Z,32455,19.6
19.6,19.67,19.53,108,19.53,2022-04-07T04:00:00Z,27441,19.56
19.58,19.63,19.54,68,19.63,2022-04-08T04:00:00Z,5231,19.58
19.52,19.65,19.51,70,19.51,2022-04-11T04:00:00Z,16396,19.54
19.4,19.55,19.31,95,19.52,2022-04-12T04:00:00Z,16128,19.49
19.35,19.56,19.35,58,19.37,2022-04-13T04:00:00Z,7100,19.39
19.3,19.33,19.19,66,19.33,2022-04-14T04:00:00Z,12819,19.3
19.15,19.28,19.15,63,19.28,2022-04-18T04:00:00Z,7860,19.19
19.19,19.32,19.11,55,19.11,2022-04-19T04:00:00Z,5572,19.16
19.27,19.3,19.16,79,19.16,2022-04-20T04:00:00Z,9181,19.25
18.97,19.3,18.97,100,19.19,2022-04-21T04:00:00Z,8021,19.1
19.02,19.12,18.89,40,18.89,2022-04-22T04:00:00Z,6075,19.02
19.12,19.12,18.93,71,19.03,2022-04-25T04:00:00Z,8100,19.0
19.0,19.08,18.84,125,18.97,2022-04-26T04:00:00Z,7505,18.96
18.9,19.1,18.9,93,18.92,2022-04-27T04:00:00Z,10843,18.98
18.91,18.91,18.67,131,18.9,2022-04-28T04:00:00Z,7181,18.77
18.85,18.9,18.33,229,18.67,2022-04-29T04:00:00Z,39328,18.77
18.54,18.9,18.27,171,18.86,2022-05-02T04:00:00Z,22177,18.51
18.16,18.46,18.11,122,18.3,2022-05-03T04:00:00Z,7105,18.28
18.21,18.92,17.84,598,18.19,2022-05-04T04:00:00Z,85504,18.11
18.11,18.29,17.96,221,18.29,2022-05-05T04:00:00Z,8427,18.1
17.95,18.11,17.86,190,18.0,2022-05-06T04:00:00Z,8584,18.01
17.71,18.18,17.68,156,17.89,2022-05-09T04:00:00Z,21487,17.91
17.96,18.11,17.79,108,17.79,2022-05-10T04:00:00Z,12177,17.94
17.99,18.1,17.82,79,18.09,2022-05-11T04:00:00Z,7562,18.05
17.74,17.94,17.63,108,17.94,2022-05-12T04:00:00Z,20075,17.73
17.7,17.92,17.7,70,17.77,2022-05-13T04:00:00Z,3327,17.81
17.84,17.92,17.72,101,17.72,2022-05-16T04:00:00Z,10402,17.88
17.76,17.89,17.76,60,17.84,2022-05-17T04:00:00Z,3003,17.79
17.88,17.9,17.73,57,17.76,2022-05-18T04:00:00Z,5153,17.83
17.63,17.68,17.59,70,17.65,2022-05-19T04:00:00Z,7686,17.63
17.63,18.33,17.6,84,18.33,2022-05-20T04:00:00Z,18486,17.73
17.64,18.1,17.64,37,17.85,2022-05-23T04:00:00Z,2186,17.93
17.8,18.0,17.66,60,17.66,2022-05-24T04:00:00Z,5501,17.77
17.85,18.08,17.83,65,17.86,2022-05-25T04:00:00Z,7777,17.96
17.96,18.11,17.89,215,18.11,2022-05-26T04:00:00Z,58912,17.98
18.09,18.15,17.99,237,18.05,2022-05-27T04:00:00Z,63062,18.1
18.13,18.49,17.92,147,18.07,2022-05-31T04:00:00Z,42765,18.11
18.56,18.56,18.31,72,18.43,2022-06-01T04:00:00Z,9540,18.41
18.23,18.51,18.11,127,18.45,2022-06-02T04:00:00Z,11194,18.22
18.2,18.49,18.2,56,18.39,2022-06-03T04:00:00Z,3249,18.34
18.41,18.44,18.23,144,18.23,2022-06-06T04:00:00Z,12183,18.31
18.42,18.42,18.08,75,18.28,2022-06-07T04:00:00Z,7434,18.31
18.17,18.43,18.07,99,18.33,2022-06-08T04:00:00Z,7124,18.38
18.06,18.28,18.06,94,18.13,2022-06-09T04:00:00Z,5161,18.17
17.83,18.04,17.76,246,18.01,2022-06-10T04:00:00Z,12762,17.86
17.46,18.33,17.25,249,17.64,2022-06-13T04:00:00Z,14024,17.75
17.72,17.85,17.39,88,17.39,2022-06-14T04:00:00Z,3656,17.66
17.91,17.97,17.62,54,17.62,2022-06-15T04:00:00Z,4196,17.8
17.91,18.0,17.74,72,17.91,2022-06-16T04:00:00Z,7797,17.9
18.0,18.21,17.81,62,17.81,2022-06-17T04:00:00Z,4215,18.03
18.17,18.17,17.97,37,17.97,2022-06-21T04:00:00Z,3729,18.01
18.03,18.33,17.92,75,18.0,2022-06-22T04:00:00Z,15919,18.16
18.19,18.21,18.11,46,18.21,2022-06-23T04:00:00Z,3192,18.17
18.04,18.19,17.91,43,17.98,2022-06-24T04:00:00Z,5362,18.07
18.41,18.47,18.09,127,18.21,2022-06-27T04:00:00Z,12471,18.3
18.4,18.49,18.38,62,18.48,2022-06-28T04:00:00Z,6952,18.47
18.38,18.53,18.38,72,18.44,2022-06-29T04:00:00Z,9991,18.46
18.62,18.77,18.39,124,18.43,2022-06-30T04:00:00Z,17700,18.59
18.71,18.71,18.35,53,18.35,2022-07-01T04:00:00Z,4339,18.61
18.63,18.68,18.63,46,18.68,2022-07-05T04:00:00Z,1799,18.65
18.68,18.68,18.47,64,18.55,2022-07-06T04:00:00Z,2400,18.63
18.64,18.64,18.46,50,18.51,2022-07-07T04:00:00Z,3109,18.52
18.59,18.66,18.48,72,18.66,2022-07-08T04:00:00Z,4010,18.57
18.51,18.51,18.46,49,18.46,2022-07-11T04:00:00Z,2566,18.5
18.65,18.67,18.48,62,18.51,2022-07-12T04:00:00Z,3923,18.62
18.61,18.67,18.55,51,18.55,2022-07-13T04:00:00Z,3724,18.61
18.49,18.53,18.45,39,18.45,2022-07-14T04:00:00Z,2725,18.49
18.63,18.63,18.61,30,18.63,2022-07-15T04:00:00Z,1439,18.63
18.76,18.82,18.64,96,18.75,2022-07-18T04:00:00Z,8160,18.75
18.87,18.99,18.78,58,18.84,2022-07-19T04:00:00Z,6391,18.88
18.89,18.99,18.78,57,18.81,2022-07-20T04:00:00Z,5786,18.87
18.87,18.99,18.75,88,18.88,2022-07-21T04:00:00Z,8246,18.84
18.84,18.97,18.71,45,18.93,2022-07-22T04:00:00Z,2930,18.87
18.51,18.97,18.51,109,18.84,2022-07-25T04:00:00Z,8439,18.75
18.53,18.65,18.51,74,18.65,2022-07-26T04:00:00Z,6951,18.57
18.67,18.78,18.49,64,18.49,2022-07-27T04:00:00Z,5054,18.69
18.71,18.78,18.61,84,18.63,2022-07-28T04:00:00Z,10798,18.66
18.83,19.13,18.75,137,19.13,2022-07-29T04:00:00Z,13039,18.99
19.03,19.06,18.77,66,18.77,2022-08-01T04:00:00Z,4908,18.92
19.13,19.43,18.97,92,18.97,2022-08-02T04:00:00Z,6850,19.24
19.27,19.41,19.13,75,19.13,2022-08-03T04:00:00Z,4818,19.27
19.29,19.41,19.19,122,19.41,2022-08-04T04:00:00Z,9480,19.3
19.3,19.3,19.08,46,19.15,2022-08-05T04:00:00Z,2000,19.16
19.35,19.35,19.17,75,19.26,2022-08-08T04:00:00Z,5911,19.27
19.23,19.32,19.09,98,19.32,2022-08-09T04:00:00Z,15520,19.19
19.27,19.39,19.2,93,19.2,2022-08-10T04:00:00Z,18879,19.28
19.43,19.49,19.23,65,19.42,2022-08-11T04:00:00Z,7315,19.39
19.55,19.56,19.35,73,19.35,2022-08-12T04:00:00Z,5712,19.49
19.52,19.6,19.5,121,19.56,2022-08-15T04:00:00Z,8835,19.56
19.59,19.63,19.49,65,19.49,2022-08-16T04:00:00Z,5093,19.58
19.45,19.52,19.39,109,19.52,2022-08-17T04:00:00Z,9156,19.46
19.53,19.57,19.39,57,19.41,2022-08-18T04:00:00Z,4064,19.49
19.47,19.51,19.29,91,19.41,2022-08-19T04:00:00Z,11508,19.43
19.43,19.52,19.43,69,19.44,2022-08-22T04:00:00Z,4685,19.47
19.27,19.43,19.13,222,19.41,2022-08-23T04:00:00Z,38863,19.33
19.13,19.35,19.07,175,19.35,2022-08-24T04:00:00Z,14193,19.19
19.27,19.35,19.12,41,19.12,2022-08-25T04:00:00Z,3180,19.24
19.07,19.28,19.02,97,19.15,2022-08-26T04:00:00Z,6908,19.09
19.05,19.16,18.99,114,19.07,2022-08-29T04:00:00Z,12786,19.04
18.99,19.15,18.99,252,19.07,2022-08-30T04:00:00Z,27873,19.05
18.92,19.09,18.87,123,18.95,2022-08-31T04:00:00Z,154889,18.98
18.82,18.99,18.63,212,18.85,2022-09-01T04:00:00Z,26627,18.87
18.79,18.9,18.64,99,18.9,2022-09-02T04:00:00Z,10113,18.8
18.8,19.06,18.67,127,18.8,2022-09-06T04:00:00Z,13205,18.8
18.95,19.03,18.79,65,18.8,2022-09-07T04:00:00Z,6203,18.85
18.63,18.91,18.63,97,18.88,2022-09-08T04:00:00Z,6247,18.78
18.95,18.95,18.67,108,18.67,2022-09-09T04:00:00Z,10598,18.78
18.79,18.98,18.73,205,18.98,2022-09-12T04:00:00Z,21049,18.82
18.94,18.94,18.71,92,18.71,2022-09-13T04:00:00Z,7021,18.83
19.2,19.2,18.89,123,18.99,2022-09-14T04:00:00Z,10210,19.07
19.43,19.46,19.14,158,19.14,2022-09-15T04:00:00Z,6352,19.27
19.36,19.39,19.17,203,19.28,2022-09-16T04:00:00Z,7203,19.32
19.4,19.4,19.07,311,19.25,2022-09-19T04:00:00Z,25572,19.23
19.36,19.44,19.23,50,19.31,2022-09-20T04:00:00Z,3231,19.33
19.36,19.4,19.31,79,19.4,2022-09-21T04:00:00Z,4306,19.36
19.27,19.32,18.99,180,19.32,2022-09-22T04:00:00Z,11363,19.17
19.12,19.29,19.07,191,19.07,2022-09-23T04:00:00Z,17804,19.13
18.77,19.22,18.76,300,19.03,2022-09-26T04:00:00Z,16307,18.91
18.61,19.0,18.6,286,18.83,2022-09-27T04:00:00Z,23643,18.74
18.22,19.17,18.08,658,19.07,2022-09-28T04:00:00Z,55448,18.55
17.36,18.29,17.08,984,18.2,2022-09-29T04:00:00Z,88365,17.5
18.15,18.27,17.45,349,17.65,2022-09-30T04:00:00Z,134066,18.05
18.44,18.59,18.26,279,18.26,2022-10-03T04:00:00Z,34819,18.5
18.78,18.9,18.57,220,18.57,2022-10-04T04:00:00Z,26615,18.73
18.72,18.95,18.65,48,18.73,2022-10-05T04:00:00Z,5206,18.81
18.97,18.97,18.74,46,18.97,2022-10-06T04:00:00Z,2584,18.92
18.99,19.05,18.84,85,18.9,2022-10-07T04:00:00Z,6612,18.96
18.98,19.05,18.95,72,19.01,2022-10-10T04:00:00Z,6189,18.98
18.98,19.05,18.96,37,18.99,2022-10-11T04:00:00Z,2447,18.99
18.95,19.21,18.91,148,18.99,2022-10-12T04:00:00Z,6319,19.05
18.92,19.06,18.42,103,18.93,2022-10-13T04:00:00Z,21073,18.9
19.04,19.15,18.96,79,18.96,2022-10-14T04:00:00Z,5400,19.03
19.04,19.09,18.82,192,19.06,2022-10-17T04:00:00Z,18740,18.96
19.11,19.11,18.78,37,18.97,2022-10-18T04:00:00Z,1832,18.9
18.82,19.17,18.72,201,18.97,2022-10-19T04:00:00Z,19141,18.91
18.76,18.86,18.7,168,18.83,2022-10-20T04:00:00Z,13251,18.78
18.86,18.97,18.5,85,18.71,2022-10-21T04:00:00Z,7136,18.71
18.99,19.13,18.67,169,18.86,2022-10-24T04:00:00Z,20780,19.0
19.47,19.85,18.92,259,18.96,2022-10-25T04:00:00Z,20295,19.42
19.44,19.69,19.41,149,19.41,2022-10-26T04:00:00Z,21368,19.58
19.49,19.7,19.48,66,19.55,2022-10-27T04:00:00Z,7228,19.59
19.59,19.72,19.51,89,19.51,2022-10-28T04:00:00Z,7646,19.65
19.57,19.94,19.44,163,19.7,2022-10-31T04:00:00Z,35981,19.73
19.63,19.8,19.47,98,19.47,2022-11-01T04:00:00Z,7745,19.63
19.72,19.72,19.5,104,19.5,2022-11-02T04:00:00Z,10750,19.66
19.48,19.72,19.48,134,19.52,2022-11-03T04:00:00Z,8177,19.62
19.72,19.9,19.51,118,19.55,2022-11-04T04:00:00Z,8470,19.73
19.77,19.84,19.54,235,19.8,2022-11-07T05:00:00Z,16169,19.69
19.93,19.94,19.51,115,19.51,2022-11-08T05:00:00Z,12624,19.79
20.0,20.07,19.92,338,19.92,2022-11-09T05:00:00Z,18018,19.98
20.18,20.45,19.96,268,20.08,2022-11-10T05:00:00Z,16580,20.05
20.18,20.28,20.07,118,20.16,2022-11-11T05:00:00Z,12308,20.17
20.21,20.4,20.06,211,20.24,2022-11-14T05:00:00Z,14857,20.23
20.46,20.46,20.24,106,20.25,2022-11-15T05:00:00Z,8528,20.35
20.28,20.49,20.28,60,20.29,2022-11-16T05:00:00Z,4029,20.36
20.11,20.28,19.97,145,20.28,2022-11-17T05:00:00Z,15200,20.11
20.35,20.36,20.24,95,20.3,2022-11-18T05:00:00Z,8306,20.29
20.47,20.47,20.29,81,20.32,2022-11-21T05:00:00Z,5649,20.3
20.35,20.48,20.24,143,20.39,2022-11-22T05:00:00Z,18109,20.32
20.34,20.52,20.3,69,20.31,2022-11-23T05:00:00Z,4775,20.35
20.5,20.5,20.31,49,20.45,2022-11-25T05:00:00Z,4403,20.43
20.46,20.6,20.34,143,20.37,2022-11-28T05:00:00Z,13553,20.42
20.41,20.53,20.37,179,20.46,2022-11-29T05:00:00Z,10121,20.43
20.76,20.83,20.39,242,20.39,2022-11-30T05:00:00Z,18265,20.69
20.71,20.8,20.42,112,20.67,2022-12-01T05:00:00Z,7997,20.69
20.77,20.77,20.5,65,20.69,2022-12-02T05:00:00Z,4124,20.67
20.52,20.79,20.52,71,20.79,2022-12-05T05:00:00Z,2459,20.72
20.54,20.74,20.37,119,20.66,2022-12-06T05:00:00Z,14938,20.51
20.59,20.63,20.37,90,20.57,2022-12-07T05:00:00Z,8771,20.56
20.69,20.72,20.57,93,20.57,2022-12-08T05:00:00Z,6267,20.65
20.65,20.72,20.51,137,20.72,2022-12-09T05:00:00Z,8220,20.64
20.75,20.75,20.6,95,20.63,2022-12-12T05:00:00Z,6976,20.68
20.69,20.76,20.64,159,20.71,2022-12-13T05:00:00Z,11965,20.69
20.8,20.94,20.7,198,20.7,2022-12-14T05:00:00Z,11398,20.81
20.86,20.89,20.73,139,20.77,2022-12-15T05:00:00Z,11427,20.82
20.88,20.88,20.75,114,20.87,2022-12-16T05:00:00Z,5766,20.8
20.93,20.97,20.65,253,20.85,2022-12-19T05:00:00Z,22268,20.77
20.72,20.89,20.69,87,20.79,2022-12-20T05:00:00Z,5002,20.73
20.67,20.84,20.67,77,20.7,2022-12-21T05:00:00Z,5405,20.74
20.59,20.77,20.59,158,20.77,2022-12-22T05:00:00Z,16847,20.65
20.64,20.67,20.62,60,20.67,2022-12-23T05:00:00Z,3884,20.65
20.72,20.86,20.62,146,20.78,2022-12-27T05:00:00Z,17670,20.71
20.65,20.97,20.57,110,20.97,2022-12-28T05:00:00Z,20051,20.75
20.61,20.81,20.58,157,20.65,2022-12-29T05:00:00Z,21237,20.66
20.74,20.9,20.66,112,20.9,2022-12-30T05:00:00Z,15648,20.75
20.74,20.79,20.68,63,20.79,2023-01-03T05:00:00Z,7724,20.73
20.65,20.78,20.65,146,20.74,2023-01-04T05:00:00Z,14501,20.75
20.7,20.86,20.7,89,20.71,2023-01-05T05:00:00Z,14634,20.74
20.86,20.9,20.75,99,20.77,2023-01-06T05:00:00Z,10673,20.85
20.78,20.92,20.74,75,20.74,2023-01-09T05:00:00Z,14093,20.82
20.71,20.82,20.71,77,20.74,2023-01-10T05:00:00Z,12713,20.75
20.79,20.88,20.75,64,20.75,2023-01-11T05:00:00Z,3463,20.8
20.79,20.92,20.76,197,20.8,2023-01-12T05:00:00Z,16634,20.84
20.87,20.89,20.74,89,20.82,2023-01-13T05:00:00Z,5812,20.84
20.91,20.98,20.87,103,20.9,2023-01-17T05:00:00Z,8051,20.91
20.94,20.96,20.89,90,20.92,2023-01-18T05:00:00Z,7568,20.92
20.75,20.94,20.75,99,20.9,2023-01-19T05:00:00Z,11721,20.89
20.86,20.87,20.75,113,20.87,2023-01-20T05:00:00Z,12403,20.82
20.9,20.9,20.86,54,20.86,2023-01-23T05:00:00Z,4364,20.88
20.91,20.96,20.86,109,20.86,2023-01-24T05:00:00Z,12089,20.91
20.97,20.97,20.86,64,20.97,2023-01-25T05:00:00Z,8244,20.92
20.97,20.97,20.86,110,20.94,2023-01-26T05:00:00Z,9244,20.92
20.94,21.06,20.9,49,20.97,2023-01-27T05:00:00Z,6155,20.94
20.89,20.9,20.84,46,20.9,2023-01-30T05:00:00Z,2034,20.87
20.93,21.0,20.89,157,20.89,2023-01-31T05:00:00Z,18726,20.94
20.93,20.93,20.86,60,20.93,2023-02-01T05:00:00Z,3007,20.89
20.93,20.97,20.9,165,20.9,2023-02-02T05:00:00Z,14441,20.94
20.86,21.02,20.86,54,21.02,2023-02-03T05:00:00Z,3873,20.91
20.9,20.93,20.86,55,20.9,2023-02-06T05:00:00Z,7102,20.89
20.89,20.91,20.85,74,20.88,2023-02-07T05:00:00Z,4971,20.87
20.84,20.89,20.82,61,20.82,2023-02-08T05:00:00Z,6501,20.86
20.86,20.9,20.86,73,20.86,2023-02-09T05:00:00Z,6133,20.87
20.9,20.9,20.86,49,20.9,2023-02-10T05:00:00Z,5400,20.9
20.94,20.96,20.9,56,20.9,2023-02-13T05:00:00Z,4963,20.94
20.99,21.07,20.97,62,20.98,2023-02-14T05:00:00Z,6459,20.99
20.99,21.06,20.98,48,20.98,2023-02-15T05:00:00Z,1622,21.01
20.98,21.03,20.97,60,20.98,2023-02-16T05:00:00Z,9726,20.99
21.02,21.07,20.86,77,20.89,2023-02-17T05:00:00Z,8139,20.91
20.96,20.96,20.9,127,20.92,2023-02-21T05:00:00Z,7612,20.93
20.89,20.92,20.89,48,20.92,2023-02-22T05:00:00Z,2157,20.9
20.96,20.96,20.86,110,20.93,2023-02-23T05:00:00Z,11477,20.91
20.87,20.95,20.86,62,20.86,2023-02-24T05:00:00Z,4205,20.89
20.82,20.98,20.82,98,20.95,2023-02-27T05:00:00Z,12788,20.9
20.93,20.93,20.86,128,20.86,2023-02-28T05:00:00Z,12736,20.92
21.02,21.02,20.9,39,20.9,2023-03-01T05:00:00Z,1743,20.93
21.03,21.03,20.93,47,20.98,2023-03-02T05:00:00Z,3366,21.0
21.02,21.05,20.98,53,20.98,2023-03-03T05:00:00Z,3100,21.01
21.15,21.18,21.02,120,21.03,2023-03-06T05:00:00Z,10287,21.11
21.14,21.17,21.08,72,21.14,2023-03-07T05:00:00Z,3478,21.14
21.12,21.18,21.06,111,21.11,2023-03-08T05:00:00Z,14722,21.14
20.88,21.1,20.84,159,21.03,2023-03-09T05:00:00Z,18966,20.99
20.32,20.82,20.12,320,20.82,2023-03-10T05:00:00Z,35553,20.48
18.33,20.3,16.73,557,19.83,2023-03-13T04:00:00Z,86613,18.33
19.02,20.2,18.21,326,19.52,2023-03-14T04:00:00Z,58296,18.93
17.41,18.95,17.39,350,18.85,2023-03-15T04:00:00Z,49700,18.09
18.86,18.86,17.36,465,17.83,2023-03-16T04:00:00Z,74252,18.11
17.97,18.62,17.54,314,18.62,2023-03-17T04:00:00Z,73820,17.95
17.81,18.58,17.75,260,18.12,2023-03-20T04:00:00Z,41931,18.07
19.14,19.26,18.06,294,18.06,2023-03-21T04:00:00Z,87164,18.42
19.18,19.33,18.72,147,18.72,2023-03-22T04:00:00Z,11419,19.03
19.06,19.59,18.75,244,19.47,2023-03-23T04:00:00Z,21642,19.21
19.2,19.21,18.73,107,18.87,2023-03-24T04:00:00Z,10141,18.92
19.4,19.4,19.02,67,19.31,2023-03-27T04:00:00Z,5154,19.22
19.61,19.61,19.14,122,19.43,2023-03-28T04:00:00Z,16113,19.35
19.86,19.89,19.44,127,19.57,2023-03-29T04:00:00Z,13100,19.65
19.61,19.95,19.52,150,19.86,2023-03-30T04:00:00Z,30051,19.71
19.47,19.87,19.31,329,19.8,2023-03-31T04:00:00Z,58626,19.56
18.9,19.68,18.85,152,19.39,2023-04-03T04:00:00Z,21656,19.11
17.98,19.05,17.54,298,18.85,2023-04-04T04:00:00Z,32003,18.19
17.75,18.0,17.54,199,18.0,2023-04-05T04:00:00Z,33621,17.67
17.79,17.94,17.75,91,17.75,2023-04-06T04:00:00Z,8401,17.81
17.75,17.88,17.47,237,17.75,2023-04-10T04:00:00Z,48729,17.68
17.67,17.76,17.54,305,17.71,2023-04-11T04:00:00Z,74938,17.66
17.24,17.72,16.97,384,17.72,2023-04-12T04:00:00Z,88936,17.38
17.12,17.45,17.05,124,17.32,2023-04-13T04:00:00Z,19952,17.19
17.03,17.75,16.95,322,17.19,2023-04-14T04:00:00Z,58808,17.07
16.89,17.12,16.56,331,17.12,2023-04-17T04:00:00Z,53523,16.91
16.85,17.59,16.75,566,16.86,2023-04-18T04:00:00Z,82413,16.89
16.79,16.95,16.69,255,16.82,2023-04-19T04:00:00Z,50699,16.82
16.61,16.9,16.56,171,16.79,2023-04-20T04:00:00Z,37038,16.71
16.67,16.88,16.41,181,16.62,2023-04-21T04:00:00Z,44884,16.61
16.66,16.91,16.62,270,16.67,2023-04-24T04:00:00Z,72201,16.81
15.97,16.55,15.9,262,16.55,2023-04-25T04:00:00Z,43048,16.16
15.89,16.14,15.89,461,16.04,2023-04-26T04:00:00Z,100492,16.0
16.1,16.21,15.64,1264,15.8,2023-04-27T04:00:00Z,316085,15.84
16.33,16.85,16.14,1222,16.14,2023-04-28T04:00:00Z,242855,16.41
13.95,16.23,13.86,1529,16.21,2023-05-01T04:00:00Z,246244,14.45
13.57,14.32,12.77,726,13.93,2023-05-02T04:00:00Z,124008,13.5
13.99,15.18,13.69,593,13.74,2023-05-03T04:00:00Z,88354,14.23
12.81,13.94,12.81,915,13.94,2023-05-04T04:00:00Z,135029,13.27
14.28,14.39,13.44,375,13.6,2023-05-05T04:00:00Z,51419,13.9
14.21,14.75,13.86,217,14.75,2023-05-08T04:00:00Z,24158,14.22
14.16,14.17,13.84,480,13.95,2023-05-09T04:00:00Z,79152,14.07
13.94,14.25,13.84,234,14.25,2023-05-10T04:00:00Z,25888,14.09
14.11,14.12,13.61,272,13.73,2023-05-11T04:00:00Z,36359,13.91
14.12,14.13,13.66,243,14.03,2023-05-12T04:00:00Z,34565,13.92
15.43,15.59,14.57,444,14.57,2023-05-15T04:00:00Z,49360,15.27
15.56,16.05,15.43,339,15.64,2023-05-16T04:00:00Z,33442,15.72
16.3,16.47,15.64,349,15.7,2023-05-17T04:00:00Z,38493,15.99
16.3,16.9,16.19,258,16.31,2023-05-18T04:00:00Z,30083,16.57
16.64,16.68,15.91,370,16.47,2023-05-19T04:00:00Z,47249,16.42
16.88,17.21,16.59,393,16.78,2023-05-22T04:00:00Z,36838,16.86
17.02,17.28,16.86,312,17.06,2023-05-23T04:00:00Z,26535,17.17
17.2,17.29,16.57,248,16.81,2023-05-24T04:00:00Z,30545,16.9
16.99,17.19,16.91,167,17.19,2023-05-25T04:00:00Z,18430,17.03
17.39,17.53,16.9,336,17.3,2023-05-26T04:00:00Z,31675,17.28
17.82,17.93,17.52,452,17.57,2023-05-30T04:00:00Z,60456,17.75
18.03,18.04,17.53,430,17.75,2023-05-31T04:00:00Z,100643,17.81
18.26,18.38,17.37,338,17.96,2023-06-01T04:00:00Z,52014,18.14
18.91,19.01,18.17,452,18.38,2023-06-02T04:00:00Z,53174,18.79
19.43,19.52,18.79,402,18.98,2023-06-05T04:00:00Z,63701,19.31
19.63,19.92,19.47,376,19.47,2023-06-06T04:00:00Z,46208,19.68
19.53,19.81,19.4,328,19.78,2023-06-07T04:00:00Z,34582,19.62
19.36,19.74,19.02,253,19.45,2023-06-08T04:00:00Z,29983,19.34
19.54,19.57,19.37,140,19.5,2023-06-09T04:00:00Z,14206,19.49
19.47,19.7,19.1,216,19.69,2023-06-12T04:00:00Z,25790,19.48
19.5,19.69,19.36,313,19.61,2023-06-13T04:00:00Z,32959,19.53
19.39,19.8,19.28,199,19.76,2023-06-14T04:00:00Z,16809,19.42
19.17,19.44,18.96,220,19.44,2023-06-15T04:00:00Z,25870,19.19
19.35,19.41,19.02,127,19.28,2023-06-16T04:00:00Z,10102,19.17
19.16,19.34,19.15,118,19.32,2023-06-20T04:00:00Z,8612,19.26
19.29,19.38,19.15,106,19.29,2023-06-21T04:00:00Z,15900,19.33
19.41,19.78,19.04,172,19.21,2023-06-22T04:00:00Z,17578,19.28
19.31,19.69,19.15,73,19.41,2023-06-23T04:00:00Z,5471,19.42
19.29,19.67,19.2,104,19.38,2023-06-26T04:00:00Z,10832,19.37
19.67,19.79,19.3,110,19.36,2023-06-27T04:00:00Z,14057,19.58
19.67,19.88,19.28,93,19.88,2023-06-28T04:00:00Z,14637,19.71
19.61,19.73,19.48,108,19.67,2023-06-29T04:00:00Z,8954,19.54
20.72,20.72,19.39,473,19.6,2023-06-30T04:00:00Z,149355,20.54
20.84,20.91,20.51,137,20.59,2023-07-03T04:00:00Z,17669,20.73
20.88,21.0,20.52,259,20.79,2023-07-05T04:00:00Z,44816,20.77
20.58,20.87,20.45,201,20.87,2023-07-06T04:00:00Z,13289,20.58
20.64,20.84,20.39,142,20.39,2023-07-07T04:00:00Z,10603,20.7
20.88,20.88,20.49,136,20.67,2023-07-10T04:00:00Z,13343,20.76
20.84,20.92,20.74,164,20.88,2023-07-11T04:00:00Z,17444,20.83
20.98,21.01,20.75,201,20.89,2023-07-12T04:00:00Z,23437,20.89
20.92,20.97,20.8,161,20.96,2023-07-13T04:00:00Z,17935,20.89
20.95,20.96,20.78,67,20.89,2023-07-14T04:00:00Z,5732,20.89
20.71,20.96,20.67,151,20.81,2023-07-17T04:00:00Z,9160,20.84
20.96,21.09,20.88,241,20.96,2023-07-18T04:00:00Z,26207,20.97
21.02,21.24,20.9,236,20.9,2023-07-19T04:00:00Z,27881,21.1
20.98,21.05,20.87,280,20.96,2023-07-20T04:00:00Z,53666,20.97
21.12,21.3,20.92,40,21.3,2023-07-21T04:00:00Z,2589,21.24
21.07,21.08,20.87,99,20.9,2023-07-24T04:00:00Z,7808,21.02
20.82,21.14,20.82,158,21.13,2023-07-25T04:00:00Z,21244,20.92
20.85,21.09,20.49,110,20.79,2023-07-26T04:00:00Z,7037,20.79
20.71,21.06,20.68,54,21.06,2023-07-27T04:00:00Z,4480,20.91
20.62,20.88,20.49,102,20.81,2023-07-28T04:00:00Z,13060,20.63
21.03,21.03,20.67,114,20.68,2023-07-31T04:00:00Z,15963,20.95
20.88,20.92,20.77,117,20.77,2023-08-01T04:00:00Z,13316,20.86
20.8,20.9,20.71,137,20.9,2023-08-02T04:00:00Z,9633,20.78
20.69,20.76,20.56,110,20.71,2023-08-03T04:00:00Z,9978,20.66
20.86,20.97,20.69,79,20.69,2023-08-04T04:00:00Z,4092,20.87
20.85,20.91,20.74,75,20.91,2023-08-07T04:00:00Z,8148,20.84
20.85,20.85,20.59,59,20.59,2023-08-08T04:00:00Z,8998,20.62
20.61,20.84,20.54,81,20.84,2023-08-09T04:00:00Z,13956,20.64
20.38,20.62,20.28,92,20.62,2023-08-10T04:00:00Z,9595,20.45
20.58,20.62,20.19,110,20.48,2023-08-11T04:00:00Z,13146,20.36
20.57,20.57,19.95,104,20.4,2023-08-14T04:00:00Z,12924,20.18
20.36,20.36,19.99,147,20.36,2023-08-15T04:00:00Z,23703,20.2
20.17,20.54,20.09,136,20.38,2023-08-16T04:00:00Z,15406,20.23
20.2,20.44,20.09,80,20.25,2023-08-17T04:00:00Z,7985,20.25
20.08,20.36,20.06,111,20.1,2023-08-18T04:00:00Z,9028,20.17
20.25,20.48,20.13,70,20.45,2023-08-21T04:00:00Z,4743,20.38
19.94,20.54,19.86,169,20.19,2023-08-22T04:00:00Z,19073,20.05
20.09,20.17,19.98,105,20.16,2023-08-23T04:00:00Z,7729,20.08
20.15,20.31,20.1,212,20.12,2023-08-24T04:00:00Z,35689,20.17
20.26,20.38,20.0,123,20.12,2023-08-25T04:00:00Z,16153,20.09
20.44,20.53,19.79,110,20.17,2023-08-28T04:00:00Z,8516,20.3
20.33,20.47,20.29,88,20.44,2023-08-29T04:00:00Z,5804,20.38
20.4,20.49,20.22,98,20.22,2023-08-30T04:00:00Z,11275,20.43
20.93,21.01,20.45,169,20.54,2023-08-31T04:00:00Z,14724,20.78
20.97,21.09,20.71,149,20.92,2023-09-01T04:00:00Z,13707,20.93
21.08,21.18,20.97,140,21.09,2023-09-05T04:00:00Z,8307,21.06
20.95,21.13,20.89,81,20.89,2023-09-06T04:00:00Z,6697,20.94
20.81,21.11,20.73,137,20.96,2023-09-07T04:00:00Z,10814,20.94
20.67,20.92,20.65,135,20.65,2023-09-08T04:00:00Z,6735,20.78
20.88,21.03,20.58,205,20.95,2023-09-11T04:00:00Z,18420,20.77
20.79,20.88,20.61,141,20.8,2023-09-12T04:00:00Z,8509,20.77
20.66,21.05,20.42,147,20.91,2023-09-13T04:00:00Z,11951,20.56
20.42,20.56,20.42,204,20.49,2023-09-14T04:00:00Z,16814,20.48
20.37,20.56,20.34,87,20.42,2023-09-15T04:00:00Z,3745,20.45
20.24,20.56,20.2,190,20.34,2023-09-18T04:00:00Z,17847,20.31
20.24,20.25,19.99,139,20.16,2023-09-19T04:00:00Z,11185,20.17
20.3,20.54,20.25,115,20.54,2023-09-20T04:00:00Z,9751,20.37
20.2,20.46,19.88,171,20.2,2023-09-21T04:00:00Z,15260,20.18
20.14,20.22,19.98,102,20.1,2023-09-22T04:00:00Z,8192,20.12
20.16,20.29,20.1,93,20.11,2023-09-25T04:00:00Z,4261,20.19
20.04,20.29,20.01,161,20.01,2023-09-26T04:00:00Z,13719,20.11
20.09,20.44,19.72,150,20.44,2023-09-27T04:00:00Z,11802,20.12
20.4,20.4,20.02,90,20.11,2023-09-28T04:00:00Z,8822,20.16
20.18,20.75,20.13,135,20.56,2023-09-29T04:00:00Z,7038,20.42
20.02,20.2,19.73,105,20.18,2023-10-02T04:00:00Z,8172,19.97
19.78,19.87,19.14,164,19.72,2023-10-03T04:00:00Z,20641,19.61
19.42,19.74,19.16,261,19.57,2023-10-04T04:00:00Z,42346,19.3
19.2,19.41,19.2,59,19.31,2023-10-05T04:00:00Z,8934,19.29
19.53,19.56,19.15,112,19.15,2023-10-06T04:00:00Z,21243,19.52
19.49,19.49,19.31,73,19.4,2023-10-09T04:00:00Z,6678,19.41
19.81,19.83,19.55,45,19.55,2023-10-10T04:00:00Z,5161,19.74
20.02,20.03,19.63,90,19.68,2023-10-11T04:00:00Z,2475,19.8
19.79,20.06,19.74,58,20.01,2023-10-12T04:00:00Z,2937,19.93
19.31,20.15,19.14,78,19.72,2023-10-13T04:00:00Z,6528,19.43
19.52,19.92,19.51,142,19.66,2023-10-16T04:00:00Z,14145,19.67
19.5,19.93,19.49,104,19.54,2023-10-17T04:00:00Z,9191,19.6
18.65,19.55,18.42,281,19.55,2023-10-18T04:00:00Z,27959,18.98
18.56,18.67,18.29,166,18.44,2023-10-19T04:00:00Z,19519,18.44
18.54,18.58,18.21,160,18.58,2023-10-20T04:00:00Z,8003,18.4
18.73,18.97,18.72,75,18.72,2023-10-23T04:00:00Z,3748,18.86
18.86,19.29,18.84,101,18.84,2023-10-24T04:00:00Z,5096,18.91
18.87,19.29,18.62,81,18.64,2023-10-25T04:00:00Z,5604,18.77
19.03,19.3,18.98,129,19.15,2023-10-26T04:00:00Z,8456,19.13
19.0,19.26,18.95,47,19.22,2023-10-27T04:00:00Z,7966,19.07
19.04,19.25,18.94,116,19.23,2023-10-30T04:00:00Z,13718,19.08
19.04,19.18,18.94,110,19.09,2023-10-31T04:00:00Z,10535,19.04
19.18,19.43,19.15,218,19.25,2023-11-01T04:00:00Z,9974,19.22
19.45,19.66,19.31,130,19.5,2023-11-02T04:00:00Z,11064,19.51
19.54,19.89,19.4,158,19.87,2023-11-03T04:00:00Z,12253,19.66
19.55,19.89,19.37,146,19.8,2023-11-06T05:00:00Z,12049,19.62
19.54,19.82,19.54,34,19.82,2023-11-07T05:00:00Z,1882,19.63
19.29,19.54,19.29,186,19.54,2023-11-08T05:00:00Z,12896,19.39
19.25,19.53,19.21,73,19.27,2023-11-09T05:00:00Z,3986,19.35
19.31,19.31,19.31,38,19.31,2023-11-10T05:00:00Z,814,19.31
19.29,19.58,19.17,92,19.58,2023-11-13T05:00:00Z,5795,19.31
19.71,19.97,19.67,132,19.84,2023-11-14T05:00:00Z,12468,19.79
19.67,19.8,19.25,212,19.63,2023-11-15T05:00:00Z,13276,19.64
19.54,19.63,19.54,136,19.55,2023-11-16T05:00:00Z,9367,19.59
19.8,19.8,19.4,198,19.57,2023-11-17T05:00:00Z,15065,19.56
19.72,19.82,19.42,73,19.78,2023-11-20T05:00:00Z,4170,19.7
19.74,19.88,19.63,77,19.76,2023-11-21T05:00:00Z,17220,19.8
19.84,19.88,19.72,69,19.88,2023-11-22T05:00:00Z,10455,19.81
19.78,19.87,19.77,98,19.8,2023-11-24T05:00:00Z,12242,19.8
19.77,19.82,19.69,68,19.82,2023-11-27T05:00:00Z,8438,19.75
20.01,20.26,19.78,224,19.82,2023-11-28T05:00:00Z,22385,20.03
20.02,20.32,19.97,202,20.31,2023-11-29T05:00:00Z,28548,20.05
20.26,20.5,19.85,446,20.5,2023-11-30T05:00:00Z,112075,20.13
20.36,20.36,19.97,144,19.97,2023-12-01T05:00:00Z,14567,20.14
20.38,20.85,20.22,100,20.42,2023-12-04T05:00:00Z,9344,20.5
20.66,20.8,20.25,145,20.32,2023-12-05T05:00:00Z,15259,20.63
20.82,21.07,20.63,203,20.76,2023-12-06T05:00:00Z,18946,20.88
20.94,21.07,20.82,143,20.98,2023-12-07T05:00:00Z,12140,20.94
20.96,21.08,20.51,120,20.96,2023-12-08T05:00:00Z,14505,20.91
21.3,21.31,20.96,209,21.01,2023-12-11T05:00:00Z,24625,21.18
21.31,21.4,21.28,115,21.39,2023-12-12T05:00:00Z,10853,21.33
21.38,21.61,21.31,153,21.42,2023-12-13T05:00:00Z,10426,21.45
21.6,21.84,21.42,217,21.45,2023-12-14T05:00:00Z,25390,21.56
21.7,21.74,21.57,88,21.61,2023-12-15T05:00:00Z,9953,21.64
21.49,21.64,21.38,126,21.52,2023-12-18T05:00:00Z,11442,21.49
21.51,21.7,21.44,215,21.49,2023-12-19T05:00:00Z,34041,21.58
21.56,21.7,21.52,167,21.69,2023-12-20T05:00:00Z,17614,21.62
21.64,21.65,21.5,135,21.65,2023-12-21T05:00:00Z,8653,21.59
21.59,21.7,21.56,159,21.6,2023-12-22T05:00:00Z,20957,21.61
21.65,21.65,21.58,43,21.64,2023-12-26T05:00:00Z,4211,21.64
21.64,21.78,21.5,255,21.78,2023-12-27T05:00:00Z,35950,21.61
21.68,21.7,21.57,71,21.61,2023-12-28T05:00:00Z,9422,21.66
21.29,21.57,21.27,195,21.54,2023-12-29T05:00:00Z,20972,21.38
21.52,21.55,21.29,104,21.29,2024-01-02T05:00:00Z,7939,21.51
21.59,21.85,21.47,144,21.58,2024-01-03T05:00:00Z,12763,21.62
21.76,21.84,21.61,176,21.84,2024-01-04T05:00:00Z,26707,21.8
21.76,21.92,21.73,157,21.73,2024-01-05T05:00:00Z,13154,21.79
21.56,21.79,21.44,298,21.75,2024-01-08T05:00:00Z,22385,21.68
21.84,21.84,21.44,244,21.72,2024-01-09T05:00:00Z,22864,21.69
22.05,22.15,21.73,226,21.82,2024-01-10T05:00:00Z,31472,21.93
21.72,22.14,21.71,249,22.04,2024-01-11T05:00:00Z,22939,21.84
21.87,22.06,21.7,223,21.7,2024-01-12T05:00:00Z,25675,21.96
21.71,22.11,21.63,226,21.79,2024-01-16T05:00:00Z,22352,21.95
21.37,21.79,21.37,263,21.71,2024-01-17T05:00:00Z,29140,21.65
21.89,21.98,21.34,437,21.64,2024-01-18T05:00:00Z,83919,21.76
21.84,21.89,21.57,157,21.89,2024-01-19T05:00:00Z,26418,21.84
21.86,21.94,21.69,205,21.94,2024-01-22T05:00:00Z,30630,21.84
21.84,21.99,21.83,201,21.96,2024-01-23T05:00:00Z,21680,21.92
21.72,22.04,21.72,167,21.93,2024-01-24T05:00:00Z,21690,21.9
21.86,22.33,21.79,407,21.83,2024-01-25T05:00:00Z,32201,21.94
21.89,22.33,21.89,298,21.92,2024-01-26T05:00:00Z,30921,21.96
21.92,21.98,21.79,82,21.84,2024-01-29T05:00:00Z,8248,21.92
22.35,22.4,21.88,142,21.88,2024-01-30T05:00:00Z,18253,22.21
20.96,22.27,20.96,407,22.27,2024-01-31T05:00:00Z,72118,21.5
20.96,21.64,20.36,235,21.24,2024-02-01T05:00:00Z,29814,20.89
20.63,21.38,20.22,652,20.83,2024-02-02T05:00:00Z,79380,20.82
20.32,20.89,20.02,136,20.63,2024-02-05T05:00:00Z,27759,20.51
19.41,20.78,18.65,345,20.23,2024-02-06T05:00:00Z,45428,19.36
19.15,19.67,18.23,899,19.5,2024-02-07T05:00:00Z,166121,18.84
19.17,19.62,18.87,333,19.29,2024-02-08T05:00:00Z,53533,19.29
20.12,20.45,19.34,261,19.52,2024-02-09T05:00:00Z,30405,19.94
20.65,20.84,20.12,421,20.19,2024-02-12T05:00:00Z,62006,20.58
20.11,20.6,19.9,253,20.55,2024-02-13T05:00:00Z,24788,20.3
20.63,20.83,20.13,119,20.21,2024-02-14T05:00:00Z,13092,20.52
20.33,20.85,20.33,229,20.67,2024-02-15T05:00:00Z,35380,20.53
20.37,20.74,20.01,244,20.58,2024-02-16T05:00:00Z,40778,20.38
20.67,20.83,19.76,164,20.47,2024-02-20T05:00:00Z,23412,20.36
20.86,21.15,20.43,136,20.57,2024-02-21T05:00:00Z,29729,20.75
21.19,21.59,20.65,217,20.84,2024-02-22T05:00:00Z,29051,21.1
21.36,21.52,21.14,155,21.47,2024-02-23T05:00:00Z,15312,21.36
21.38,21.44,21.11,110,21.43,2024-02-26T05:00:00Z,12993,21.29
21.02,21.45,20.95,98,21.23,2024-02-27T05:00:00Z,13021,21.22
21.34,21.38,21.0,114,21.14,2024-02-28T05:00:00Z,14139,21.15
21.82,21.82,21.23,161,21.38,2024-02-29T05:00:00Z,27001,21.7
21.32,21.84,21.29,184,21.82,2024-03-01T05:00:00Z,29937,21.39
20.33,21.33,20.12,251,21.17,2024-03-04T05:00:00Z,29334,20.72
20.77,20.85,20.44,142,20.44,2024-03-05T05:00:00Z,12260,20.69
20.53,20.93,19.74,561,20.69,2024-03-06T05:00:00Z,72898,20.54
20.53,20.83,20.02,326,20.2,2024-03-07T05:00:00Z,49335,20.62
19.79,20.66,19.66,331,20.56,2024-03-08T05:00:00Z,39364,20.11
20.02,20.24,19.79,364,20.01,2024-03-11T04:00:00Z,54336,20.01
20.56,20.62,19.98,241,20.12,2024-03-12T04:00:00Z,30160,20.25
21.0,21.0,20.63,183,20.85,2024-03-13T04:00:00Z,28246,20.9
20.63,20.77,20.56,88,20.56,2024-03-14T04:00:00Z,5728,20.67
21.0,21.0,20.35,110,20.6,2024-03-15T04:00:00Z,17362,20.56
20.76,21.05,20.76,81,20.95,2024-03-18T04:00:00Z,7987,20.94
21.07,21.07,20.85,168,20.89,2024-03-19T04:00:00Z,17928,20.94
21.65,21.7,20.91,200,21.07,2024-03-20T04:00:00Z,26667,21.26
21.84,22.19,21.46,233,21.47,2024-03-21T04:00:00Z,31900,21.87
22.09,22.21,21.76,101,21.92,2024-03-22T04:00:00Z,12539,21.93
21.47,22.08,21.42,197,22.08,2024-03-25T04:00:00Z,24397,21.54
21.46,21.75,21.19,135,21.42,2024-03-26T04:00:00Z,19677,21.42
21.14,21.79,21.09,128,21.69,2024-03-27T04:00:00Z,12630,21.38
21.23,21.47,20.82,152,20.82,2024-03-28T04:00:00Z,13601,21.3
21.61,21.61,21.28,95,21.61,2024-04-01T04:00:00Z,8406,21.41
21.81,21.81,21.31,92,21.45,2024-04-02T04:00:00Z,9735,21.57
21.56,21.75,21.56,88,21.7,2024-04-03T04:00:00Z,7789,21.68
21.87,21.91,21.49,526,21.51,2024-04-04T04:00:00Z,73918,21.63
22.0,22.0,21.51,102,21.79,2024-04-05T04:00:00Z,18645,21.79
22.11,22.11,21.81,49,21.81,2024-04-08T04:00:00Z,4725,21.99
22.11,22.12,21.93,98,22.03,2024-04-09T04:00:00Z,11570,22.03
21.99,22.12,21.65,409,22.0,2024-04-10T04:00:00Z,42369,21.9
22.12,22.29,21.74,204,21.89,2024-04-11T04:00:00Z,21958,21.97
21.93,22.03,21.7,116,21.93,2024-04-12T04:00:00Z,17287,21.92
22.05,22.05,21.65,226,21.93,2024-04-15T04:00:00Z,18828,21.89
22.18,22.18,21.79,107,21.86,2024-04-16T04:00:00Z,9304,22.08
21.97,22.22,21.89,224,22.07,2024-04-17T04:00:00Z,28139,22.01
22.28,22.28,21.96,137,22.09,2024-04-18T04:00:00Z,13363,22.11
21.89,22.12,21.81,125,22.09,2024-04-19T04:00:00Z,14308,21.98
22.26,22.26,21.96,93,22.04,2024-04-22T04:00:00Z,6547,22.12
22.48,22.49,22.17,99,22.26,2024-04-23T04:00:00Z,11066,22.36
22.52,22.52,22.16,77,22.52,2024-04-24T04:00:00Z,7552,22.4
22.45,22.46,22.13,141,22.18,2024-04-25T04:00:00Z,11783,22.39
22.46,22.49,22.31,139,22.4,2024-04-26T04:00:00Z,13588,22.4
22.45,22.45,22.13,167,22.26,2024-04-29T04:00:00Z,23069,22.29
22.62,22.62,22.21,101,22.23,2024-04-30T04:00:00Z,7805,22.45
23.03,23.03,22.47,143,22.48,2024-05-01T04:00:00Z,12508,22.7
23.01,23.01,22.77,112,22.87,2024-05-02T04:00:00Z,7614,22.84
23.26,23.28,22.87,60,22.87,2024-05-03T04:00:00Z,7503,23.02
22.91,23.23,22.91,136,23.18,2024-05-06T04:00:00Z,21310,23.07
23.09,23.1,22.8,53,23.1,2024-05-07T04:00:00Z,4792,22.99
23.31,23.31,22.87,209,23.05,2024-05-08T04:00:00Z,12878,23.08
23.16,23.23,22.91,65,22.91,2024-05-09T04:00:00Z,10581,23.14
23.29,23.29,23.01,16,23.08,2024-05-10T04:00:00Z,3305,23.11
23.33,23.33,22.82,72,23.05,2024-05-13T04:00:00Z,7349,23.18
23.32,23.32,23.04,41,23.21,2024-05-14T04:00:00Z,3345,23.18
23.33,23.33,23.05,113,23.11,2024-05-15T04:00:00Z,18230,23.21
23.25,23.33,23.21,70,23.33,2024-05-16T04:00:00Z,6776,23.26
23.19,23.38,23.1,69,23.38,2024-05-17T04:00:00Z,7420,23.18
23.31,23.31,23.05,169,23.24,2024-05-20T04:00:00Z,26159,23.15
23.01,23.19,22.91,105,23.0,2024-05-21T04:00:00Z,19259,23.06
22.91,23.05,22.91,57,23.04,2024-05-22T04:00:00Z,6614,22.98
22.77,23.23,22.71,177,23.05,2024-05-23T04:00:00Z,11910,22.88
22.8,22.95,22.44,88,22.91,2024-05-24T04:00:00Z,7459,22.72
22.56,22.8,22.4,84,22.75,2024-05-28T04:00:00Z,7065,22.59
22.29,22.58,22.13,60,22.58,2024-05-29T04:00:00Z,6045,22.31
22.23,22.56,22.21,60,22.4,2024-05-30T04:00:00Z,5026,22.36
22.68,22.68,22.21,113,22.21,2024-05-31T04:00:00Z,9439,22.54
22.45,22.67,22.34,105,22.67,2024-06-03T04:00:00Z,8684,22.45
22.64,22.75,22.41,155,22.53,2024-06-04T04:00:00Z,14541,22.64
22.82,22.85,22.63,80,22.76,2024-06-05T04:00:00Z,6717,22.79
22.49,22.59,22.21,273,22.4,2024-06-06T04:00:00Z,42357,22.42
22.63,22.85,22.4,38,22.59,2024-06-07T04:00:00Z,5856,22.58
22.71,22.73,22.54,83,22.63,2024-06-10T04:00:00Z,9749,22.65
22.75,22.87,22.59,104,22.73,2024-06-11T04:00:00Z,15534,22.77
22.65,22.91,22.59,177,22.77,2024-06-12T04:00:00Z,24237,22.77
22.73,22.87,22.5,112,22.77,2024-06-13T04:00:00Z,8138,22.71
22.69,22.75,22.33,135,22.75,2024-06-14T04:00:00Z,16067,22.53
22.61,22.82,22.58,81,22.75,2024-06-17T04:00:00Z,7575,22.7
22.72,22.72,22.62,67,22.62,2024-06-18T04:00:00Z,10958,22.69
22.99,23.21,22.75,124,22.82,2024-06-20T04:00:00Z,10678,22.93
22.95,23.12,22.85,68,23.12,2024-06-21T04:00:00Z,10241,22.94
22.64,23.15,22.61,187,23.15,2024-06-24T04:00:00Z,22177,22.71
22.59,22.84,22.59,292,22.66,2024-06-25T04:00:00Z,12885,22.68
22.48,22.74,22.31,577,22.61,2024-06-26T04:00:00Z,53244,22.47
22.34,22.51,22.29,223,22.51,2024-06-27T04:00:00Z,16340,22.38
22.03,22.49,21.9,452,22.34,2024-06-28T04:00:00Z,129869,22.09
22.16,22.23,21.91,80,22.13,2024-07-01T04:00:00Z,5765,22.11
22.18,22.29,22.13,43,22.19,2024-07-02T04:00:00Z,4622,22.18
22.26,22.26,22.24,23,22.24,2024-07-03T04:00:00Z,2869,22.24
22.47,22.54,22.37,38,22.54,2024-07-05T04:00:00Z,5853,22.42
22.44,22.49,22.34,66,22.35,2024-07-08T04:00:00Z,5858,22.42
22.26,22.47,22.26,199,22.47,2024-07-09T04:00:00Z,12115,22.29
21.93,22.23,21.82,100,22.23,2024-07-10T04:00:00Z,8832,21.97
22.54,22.54,22.18,51,22.36,2024-07-11T04:00:00Z,4456,22.41
22.73,22.74,22.26,76,22.52,2024-07-12T04:00:00Z,14640,22.59
22.84,22.84,22.69,38,22.82,2024-07-15T04:00:00Z,3863,22.76
22.83,22.91,22.76,99,22.8,2024-07-16T04:00:00Z,18810,22.82
22.8,22.92,22.8,62,22.92,2024-07-17T04:00:00Z,3031,22.86
22.69,22.93,22.69,111,22.93,2024-07-18T04:00:00Z,11840,22.81
22.81,22.9,22.69,23,22.69,2024-07-19T04:00:00Z,1990,22.85
22.8,22.99,22.7,74,22.7,2024-07-22T04:00:00Z,7432,22.84
22.95,22.95,22.71,39,22.85,2024-07-23T04:00:00Z,7098,22.82
22.7,22.94,22.7,56,22.94,2024-07-24T04:00:00Z,3341,22.77
22.7,22.7,22.7,86,22.7,2024-07-25T04:00:00Z,1181,22.7
23.17,23.19,22.95,88,22.95,2024-07-26T04:00:00Z,12278,23.08
23.6,23.68,23.08,187,23.08,2024-07-29T04:00:00Z,29492,23.43
23.63,23.63,23.44,100,23.55,2024-07-30T04:00:00Z,16435,23.57
23.77,23.88,23.61,267,23.7,2024-07-31T04:00:00Z,27780,23.74
23.77,23.82,23.77,102,23.8,2024-08-01T04:00:00Z,18417,23.79
23.54,23.68,23.41,121,23.61,2024-08-02T04:00:00Z,16718,23.55
23.21,23.56,23.08,208,23.32,2024-08-05T04:00:00Z,18406,23.3
23.53,23.53,23.33,138,23.33,2024-08-06T04:00:00Z,17056,23.43
23.42,23.7,23.42,158,23.53,2024-08-07T04:00:00Z,26826,23.48
23.63,23.63,23.47,72,23.58,2024-08-08T04:00:00Z,9799,23.56
23.56,23.64,23.42,73,23.61,2024-08-09T04:00:00Z,10064,23.53
23.33,23.66,23.33,34,23.66,2024-08-12T04:00:00Z,4816,23.48
23.33,23.42,23.24,118,23.41,2024-08-13T04:00:00Z,11672,23.32
23.55,23.55,23.48,30,23.48,2024-08-14T04:00:00Z,3169,23.53
23.66,23.66,23.55,44,23.6,2024-08-15T04:00:00Z,4465,23.61
23.62,23.62,23.62,21,23.62,2024-08-16T04:00:00Z,690,23.62
23.65,23.65,23.59,60,23.59,2024-08-19T04:00:00Z,6163,23.63
23.59,23.65,23.57,47,23.59,2024-08-20T04:00:00Z,2195,23.61
23.66,23.66,23.58,80,23.58,2024-08-21T04:00:00Z,10270,23.62
23.58,23.63,23.58,58,23.61,2024-08-22T04:00:00Z,8416,23.59
23.74,23.8,23.61,87,23.66,2024-08-23T04:00:00Z,17915,23.71
23.85,23.86,23.7,80,23.79,2024-08-26T04:00:00Z,13372,23.8
23.95,23.95,23.71,68,23.85,2024-08-27T04:00:00Z,22372,23.87
24.19,24.86,23.97,122,23.97,2024-08-28T04:00:00Z,14220,24.3
23.92,24.2,23.9,161,24.2,2024-08-29T04:00:00Z,17359,23.95
24.04,24.07,23.89,188,23.91,2024-08-30T04:00:00Z,7368,24.0
24.08,24.15,24.08,67,24.15,2024-09-03T04:00:00Z,6010,24.09
24.07,24.15,24.04,127,24.09,2024-09-04T04:00:00Z,17130,24.09
24.19,24.19,24.07,31,24.14,2024-09-05T04:00:00Z,1542,24.1
23.99,24.08,23.95,108,24.08,2024-09-06T04:00:00Z,16240,24.03
24.09,24.13,23.99,212,24.09,2024-09-09T04:00:00Z,20702,24.08
24.17,24.19,24.06,77,24.14,2024-09-10T04:00:00Z,6139,24.15
24.04,24.15,23.95,164,24.15,2024-09-11T04:00:00Z,19462,24.04
24.14,24.24,24.13,159,24.19,2024-09-12T04:00:00Z,12784,24.15
24.27,24.38,24.19,207,24.28,2024-09-13T04:00:00Z,13399,24.3
24.38,24.42,24.07,164,24.21,2024-09-16T04:00:00Z,14886,24.3
24.38,24.43,24.34,102,24.4,2024-09-17T04:00:00Z,9772,24.36
24.48,24.48,24.27,74,24.36,2024-09-18T04:00:00Z,4961,24.36
24.5,24.69,24.38,155,24.48,2024-09-19T04:00:00Z,15213,24.44
24.39,24.53,24.33,76,24.51,2024-09-20T04:00:00Z,7702,24.43
24.43,24.57,24.28,120,24.53,2024-09-23T04:00:00Z,9682,24.38
24.84,24.84,24.41,64,24.42,2024-09-24T04:00:00Z,5045,24.63
24.66,24.85,24.66,58,24.84,2024-09-25T04:00:00Z,4915,24.76
24.38,24.66,24.38,138,24.61,2024-09-26T04:00:00Z,18994,24.51
24.77,24.77,24.43,112,24.57,2024-09-27T04:00:00Z,7465,24.64
24.4,24.76,24.38,308,24.67,2024-09-30T04:00:00Z,21414,24.48
24.5,24.5,24.5,25,24.5,2024-10-01T04:00:00Z,1648,24.5
24.56,24.63,24.48,19,24.48,2024-10-02T04:00:00Z,1724,24.57
24.67,24.77,24.66,52,24.66,2024-10-03T04:00:00Z,5830,24.71
24.68,24.72,24.52,25,24.72,2024-10-04T04:00:00Z,2445,24.69
24.57,24.7,24.57,21,24.6,2024-10-07T04:00:00Z,1608,24.63
24.6,24.7,24.53,20,24.6,2024-10-08T04:00:00Z,1207,24.63
24.56,24.66,24.53,43,24.62,2024-10-09T04:00:00Z,6119,24.59
24.56,24.59,24.56,15,24.56,2024-10-10T04:00:00Z,785,24.58
24.63,24.63,24.48,37,24.54,2024-10-11T04:00:00Z,5112,24.56
24.65,24.67,24.53,19,24.67,2024-10-14T04:00:00Z,1579,24.58
24.97,24.97,24.59,59,24.62,2024-10-15T04:00:00Z,6067,24.71
25.07,25.2,24.85,67,24.85,2024-10-16T04:00:00Z,8805,25.01
25.16,25.23,25.11,69,25.23,2024-10-17T04:00:00Z,4308,25.18
24.77,25.01,24.77,40,25.01,2024-10-18T04:00:00Z,3559,24.86
24.95,25.01,24.82,31,24.82,2024-10-21T04:00:00Z,2943,24.89
24.9,25.1,24.72,46,24.86,2024-10-22T04:00:00Z,4163,24.88
24.71,24.85,24.64,35,24.75,2024-10-23T04:00:00Z,4002,24.73
24.71,24.71,24.71,0,24.71,2024-10-24T04:00:00Z,0,0.0
24.67,24.79,24.63,32,24.79,2024-10-25T04:00:00Z,1441,24.69
24.67,24.67,24.67,0,24.67,2024-10-28T04:00:00Z,0,0.0
24.63,24.97,24.63,33,24.97,2024-10-29T04:00:00Z,1936,24.74
24.48,24.68,24.18,169,24.68,2024-10-30T04:00:00Z,18192,24.37
24.08,24.55,24.08,197,24.44,2024-10-31T04:00:00Z,25245,24.2
24.39,24.62,24.08,89,24.38,2024-11-01T04:00:00Z,5658,24.3
24.65,24.65,24.29,69,24.39,2024-11-04T05:00:00Z,4888,24.49
24.6,24.6,24.48,41,24.56,2024-11-05T05:00:00Z,1647,24.55
24.47,24.68,23.85,193,24.51,2024-11-06T05:00:00Z,23986,24.21
24.57,24.62,24.45,54,24.46,2024-11-07T05:00:00Z,4323,24.56
24.57,24.57,24.42,114,24.43,2024-11-08T05:00:00Z,8908,24.49
24.65,24.69,24.48,37,24.48,2024-11-11T05:00:00Z,4970,24.58
24.79,24.79,24.5,91,24.65,2024-11-12T05:00:00Z,8177,24.64
24.55,24.89,24.54,78,24.78,2024-11-13T05:00:00Z,6848,24.69
24.68,24.86,24.54,51,24.54,2024-11-14T05:00:00Z,3872,24.69
24.65,24.77,24.6,62,24.66,2024-11-15T05:00:00Z,3586,24.69
24.74,24.79,24.64,29,24.64,2024-11-18T05:00:00Z,1480,24.72
24.82,24.82,24.64,45,24.66,2024-11-19T05:00:00Z,2835,24.68
24.62,24.81,24.61,56,24.64,2024-11-20T05:00:00Z,8090,24.66
24.65,24.74,24.65,34,24.7,2024-11-21T05:00:00Z,1497,24.69
24.81,24.81,24.72,23,24.77,2024-11-22T05:00:00Z,669,24.76
24.77,24.81,24.77,28,24.81,2024-11-25T05:00:00Z,832,24.79
24.72,24.82,24.6,60,24.81,2024-11-26T05:00:00Z,4849,24.69
24.81,24.82,24.54,62,24.67,2024-11-27T05:00:00Z,9723,24.66
24.58,24.63,24.15,481,24.63,2024-11-29T05:00:00Z,47146,24.33
24.71,24.74,24.53,62,24.63,2024-12-02T05:00:00Z,6858,24.59
24.75,24.82,24.56,85,24.56,2024-12-03T05:00:00Z,8706,24.67
24.81,24.82,24.7,51,24.75,2024-12-04T05:00:00Z,6828,24.78
24.7,24.82,24.62,46,24.81,2024-12-05T05:00:00Z,6757,24.71
24.87,24.87,24.75,54,24.82,2024-12-06T05:00:00Z,3061,24.79
24.92,24.97,24.87,24,24.87,2024-12-09T05:00:00Z,1382,24.94
24.94,24.97,24.88,35,24.97,2024-12-10T05:00:00Z,3095,24.93
24.94,24.98,24.88,62,24.98,2024-12-11T05:00:00Z,5960,24.94
24.93,24.95,24.81,44,24.91,2024-12-12T05:00:00Z,2008,24.88
24.94,25.06,24.82,83,25.03,2024-12-13T05:00:00Z,6741,24.984858
25.0,25.05,24.85,101,25.05,2024-12-16T05:00:00Z,12672,24.966881
24.9312,25.0,24.7,85,24.87,2024-12-17T05:00:00Z,12056,24.882594
24.89,24.975,24.82,46,24.83,2024-12-18T05:00:00Z,5286,24.863481
24.88,24.99,24.57,119,24.83,2024-12-19T05:00:00Z,21976,24.835135
24.92,25.07,24.88,153,24.915,2024-12-20T05:00:00Z,14984,24.955977
25.0272,25.08,24.9,30,24.92,2024-12-23T05:00:00Z,2990,24.990701
25.0,25.015,24.83,74,24.92,2024-12-24T05:00:00Z,15263,24.918246
24.965,24.965,24.85,49,24.851,2024-12-26T05:00:00Z,3678,24.922354
24.95,24.96,24.83,38,24.95,2024-12-27T05:00:00Z,3451,24.914445
24.98,25.0587,24.9499,94,24.95,2024-12-30T05:00:00Z,8494,24.994033
25.08,25.08,24.85,520,24.98,2024-12-31T05:00:00Z,20835,25.048225
24.9,25.03,24.8201,80,24.8201,2025-01-02T05:00:00Z,12626,24.987272
